二维采样长度为：0.800000 mm；采样间隔为：0.005000 mm；采样段数为：5；数据点数为：800。具体数据如下所示：
0.000000
0.113969
1.341857
0.912533
2.088752
1.999327
2.492852
3.360375
4.143421
5.650118
4.764002
4.667322
3.335933
3.609362
0.961683
-0.100992
-1.669353
0.287273
1.116348
1.130828
2.888610
3.188813
2.936687
2.260602
2.610998
4.103351
3.337360
5.091175
4.694219
3.115857
3.602271
1.910827
1.604587
2.792208
-0.604606
-1.320147
-1.162663
-1.671494
-0.153081
-0.009705
0.970396
1.505804
1.653112
1.761822
1.822323
2.887234
3.457985
3.677718
3.873188
2.721500
2.300586
1.700827
1.316589
0.604416
0.800900
-1.334206
-2.022137
-2.952472
-2.264891
-1.836055
-0.964131
-0.022463
0.218706
0.909577
0.681874
0.630234
1.965954
2.369876
2.949107
3.734178
4.706494
5.534790
5.599222
4.345650
4.099193
3.315021
2.026863
-0.174550
-0.150001
-0.511271
0.588401
1.000597
1.686063
2.323140
2.439346
2.620437
2.792923
3.688412
4.348358
4.335545
2.844013
1.725461
2.628410
0.977597
0.657237
1.327942
-0.955999
-1.442267
-3.181608
-3.662230
-0.952746
-2.302538
-0.744130
0.256897
-0.183489
1.119698
-0.106628
2.539867
1.628113
2.561543
3.900245
4.062328
4.786229
4.985789
4.232270
4.921739
3.615942
0.885169
1.267184
-0.136799
0.979254
1.804796
2.084846
3.598685
2.918185
3.306288
3.830465
4.464124
5.148899
4.288057
3.468017
3.008812
2.081152
2.193182
0.704789
1.390153
0.605004
-1.638345
-2.227099
-2.196174
-1.425031
-0.950418
-0.189356
0.867807
0.355640
1.642063
0.869457
2.138821
2.408449
2.015661
4.024093
4.470156
5.270658
6.689757
3.433244
3.755922
4.456057
1.355924
0.446148
-0.263946
-0.619675
1.599664
2.620000
2.283073
3.471529
4.658344
3.696769
3.442059
5.413699
5.672642
4.631333
4.575626
3.296387
2.378777
2.129020
1.126044
1.552337
0.794267
-1.665487
-1.510385
-2.544363
-1.430889
-0.635757
-0.026214
1.119866
0.528160
1.583701
1.162142
1.709994
2.634441
3.071713
4.623850
5.404850
5.811930
5.975583
5.434370
5.301275
3.716886
2.154622
-1.001310
0.750367
0.217121
0.369134
1.789045
1.496881
3.119357
2.632191
3.201322
3.620547
4.204736
5.348689
5.646920
5.784242
6.246672
5.612409
6.525054
5.725250
4.360799
2.797408
-0.025482
0.164233
-0.439196
-0.284097
0.962476
1.018253
2.515643
2.246454
2.521663
2.452939
3.656876
3.649603
4.074592
4.314865
4.973749
3.997317
2.511288
2.997510
1.541048
2.040751
-1.665062
-1.262741
-0.881645
-1.671254
-1.053953
1.229706
0.335932
2.306201
1.718246
1.279078
2.436075
2.876361
2.610862
4.470030
5.585140
6.598206
5.474681
3.561445
3.362631
2.670820
2.641501
1.003207
-0.532279
-0.532751
0.493465
0.425100
2.227481
1.931891
3.069628
2.656327
2.584600
3.978666
3.779224
3.624088
3.644763
2.423338
2.967201
1.880962
0.835076
1.631786
0.112736
-2.252633
-1.945219
-3.299301
-2.144913
-1.894782
-1.168076
0.462719
0.351448
0.555438
0.634678
1.171018
1.380251
2.788126
2.682436
4.271263
4.705032
5.402758
5.376081
4.370817
3.839343
3.408779
2.195942
0.922921
-1.021635
-0.453778
0.959568
1.608275
2.431555
2.597569
1.978972
2.501391
2.233685
4.546690
3.813600
4.236404
4.343444
2.134503
2.433960
2.163480
0.092728
0.413698
1.104978
-1.857586
-2.137389
-2.136303
-2.128452
-0.368301
-0.866057
1.013429
0.576132
1.130834
1.064204
1.854370
2.387904
2.767558
4.056879
4.305000
5.815210
5.225073
5.188708
4.090885
3.109813
1.283706
-0.823368
-1.097717
-0.356808
0.142899
1.641469
1.688136
2.662277
2.857621
2.661649
3.499231
4.148894
4.689659
5.438085
5.680520
5.105043
4.333033
3.513060
2.520165
2.580958
2.056496
0.199614
-1.210049
-2.170998
-1.223966
-1.182857
0.070331
0.812779
0.881870
1.432792
1.042919
1.099621
3.032457
2.628380
4.332729
4.628706
2.581830
2.858307
2.460816
1.011282
2.466792
0.128780
-0.885967
-1.679866
-3.006940
-1.131512
-1.290070
-0.475249
0.887977
-0.240603
1.593689
0.128822
1.010003
2.293136
2.270153
3.331629
4.067749
4.711924
6.040064
4.948846
5.607833
3.162626
3.283416
0.880513
0.031068
0.162628
0.296820
0.947597
1.868419
3.068773
3.114130
3.145938
2.974579
3.424446
4.078273
4.584054
3.518878
2.474222
2.843072
1.130349
1.815920
0.467959
0.620226
0.561595
-2.123482
-2.969257
-3.153378
-2.316273
-1.299204
-0.676113
0.394982
-0.003872
0.604118
0.277697
1.492644
1.981027
1.835002
3.777771
4.451050
4.967102
5.432515
4.346481
5.013436
4.118197
1.639332
0.320289
-0.372318
0.389786
0.797560
1.713416
2.807135
2.480565
3.336358
2.796677
3.776460
5.034857
3.563729
2.039176
1.460456
1.200603
0.831271
0.648246
-0.064812
0.056004
-1.924233
-3.692328
-3.511515
-3.842431
-2.791191
-1.987936
-1.167693
-0.717411
-0.611431
-0.532480
-0.224598
1.529416
0.921241
1.731259
2.662639
4.585574
3.645344
3.588106
3.434650
2.571477
1.384335
-0.301988
-1.561227
-1.954821
-0.005144
-0.586675
1.627094
1.375812
0.766738
2.121634
0.984167
2.923598
4.117740
3.275857
4.412599
3.960252
3.372304
1.438493
1.012461
0.447887
1.667651
-0.690130
-2.292129
-3.351104
-3.342127
-3.050319
-1.889040
-1.804234
-0.461508
-0.891616
-0.216815
-0.507755
0.371713
1.482160
1.254938
2.348201
3.256638
2.843274
1.641046
0.606382
0.438062
0.488683
-0.239586
-2.208105
-3.588934
-3.118084
-2.065266
-2.041310
-0.456762
-0.272181
-0.062287
0.225854
0.060172
1.360098
1.391666
2.640654
2.654522
4.577264
4.566544
2.308855
2.347498
1.193770
1.114975
0.254620
-0.775034
-1.481426
-1.474052
-0.321692
1.070925
1.132448
1.325360
1.505976
1.571505
2.949833
2.813217
3.298680
3.825186
2.813405
2.024842
2.053229
0.802833
1.085620
0.578790
-1.771991
-2.340203
-2.431077
-2.397424
-0.459440
0.363524
0.526990
0.121691
0.858484
1.084400
1.992409
2.669265
2.667807
3.128347
5.573615
4.610864
2.561794
1.995524
1.441278
1.815175
1.003518
-0.669190
-1.762153
-1.361694
-0.143583
0.038692
1.119621
1.340311
1.052488
1.967391
1.784363
2.934797
2.981267
4.780419
4.555924
5.133008
3.739980
2.129476
2.198421
1.854758
0.194732
-0.652158
-1.470942
-2.004078
-0.510273
-0.621455
-0.007224
1.064357
1.287618
0.694344
1.038094
2.763219
2.878611
3.830910
4.445724
5.164045
6.200007
5.155887
5.537579
5.226662
3.790704
3.589660
1.280462
0.392782
0.554038
1.512837
2.016309
2.970445
3.786462
4.006563
3.684373
3.784762
4.919298
5.608715
3.385815
3.190812
2.161675
1.772364
1.712296
-0.370312
0.675354
-0.214254
-3.040958
-4.493034
-3.018233
-2.971178
-0.598661
-1.624713
0.170709
-0.692560
0.230897
0.729921
0.676012
1.840927
1.795378
2.515284
4.683860
4.618463
5.651248
4.201807
3.550818
1.767853
1.598382
-1.061539
-0.959664
-2.222884
0.125375
0.471637
0.996776
2.096230
1.755416
1.500299
2.327882
2.813888
3.629254
4.277203
4.968684
4.959193
3.214005
3.188951
2.348517
1.643757
1.957261
-0.683243
-1.673348
-1.178650
-1.871228
0.069407
0.176348
1.032709
1.647856
1.597835
1.300483
2.347058
3.183798
2.646237
4.045239
4.356049
5.073422
3.991936
3.812474
2.739197
1.944448
2.108986
1.103839
-0.890745
-0.990024
-1.503172
-1.488557
-0.339321
-0.034995
1.110681
1.743063
1.491400
1.634348
3.179338
3.139033
3.081532
3.641842
4.911339
5.340150
5.160785
4.472819
2.834358
3.112093
2.322848
0.627182
-0.339514
-1.272832
-0.001933
-0.212240
0.409184
1.148461
2.042961
2.600006
2.481788
2.544286
3.581304
3.638623
5.408500
2.678192
2.696755
2.933843
1.691314
2.294426
0.782276
1.090599
-0.143983
-2.635821
-1.666543
-1.118664
-0.711842
0.230108
0.552487
-0.271909
1.007203
0.423762
1.550140
1.801865
2.249395
3.799530
5.480177
6.242687
5.132010
5.628347
5.306693
4.584337
4.676015
1.041162
1.293182
0.536470
0.846016
2.032138
2.047633
3.375031
3.910209
3.680040
3.223636
4.193625
5.832697
5.248585
5.280260
3.811829
3.452131
0.797211
2.124314
-0.228616
1.061320
0.588624
-1.980590
-3.262101
