二维采样长度为：0.800000 mm；采样间隔为：0.005000 mm；采样段数为：5；数据点数为：800。具体数据如下所示：
0.000000
-0.609196
-4.701705
-5.044308
-2.833610
-3.312187
-0.788377
-2.131393
-0.331317
-0.321590
-1.183699
0.867323
0.869196
0.476281
-0.723502
-0.726338
-0.514718
-0.963186
-1.821341
-2.848992
-2.910783
-3.449273
-5.036191
-6.249605
-6.349513
-5.787358
-5.079822
-4.097776
-3.450590
-3.599088
-2.768134
-2.973061
-2.816703
-1.517962
-1.883851
-0.393949
0.849852
0.748007
1.814074
1.318210
-0.807491
-1.106713
-0.663462
-1.377530
-4.085862
-4.356995
-4.674911
-4.212339
-3.397501
-2.852473
-1.567040
-2.124906
-1.182613
-1.960053
-0.713140
0.316980
0.318217
-1.783939
-2.280405
-3.289347
-3.191367
-3.277390
-5.017527
-4.500417
-4.859127
-7.046463
-7.930505
-8.568650
-7.774203
-7.542605
-6.623542
-5.586029
-5.323514
-4.984828
-5.076872
-4.715187
-3.724045
-3.622092
-2.298191
-2.060140
-0.860470
-0.123579
-0.454932
-0.620820
-0.675631
-1.656068
-1.505064
-4.524082
-5.236418
-5.702517
-5.647701
-4.233057
-4.573447
-3.022464
-2.812818
-2.987439
-2.324941
-2.466028
-0.804570
-1.277666
0.288619
0.662029
-0.469594
-0.277931
-2.469408
-2.047017
-1.355876
-4.327498
-5.403126
-5.912855
-5.011916
-4.412441
-4.208972
-2.675181
-3.078409
-2.509488
-2.290925
-2.400261
-0.674005
-0.852366
0.240447
0.516646
-0.455602
-1.709406
-1.396341
-2.747934
-2.643985
-3.073930
-5.178159
-5.998725
-6.402849
-5.720999
-4.909140
-4.404857
-3.791524
-3.531759
-2.798414
-3.468268
-1.724692
-2.061309
-1.315812
0.297963
1.175823
1.359564
1.833285
-0.072779
-0.558866
-1.255269
-0.927458
-2.916540
-4.029803
-4.313321
-4.362523
-2.998815
-2.765020
-1.705476
-1.772341
-1.317245
-1.637493
-0.138110
-0.103401
0.743686
0.453882
-1.459917
-0.953918
-1.389218
-2.356616
-3.216813
-2.948742
-3.630375
-5.844302
-6.701879
-6.988029
-5.570496
-5.307133
-3.827726
-3.142385
-3.793754
-3.268562
-2.982675
-2.215600
-1.385796
-1.014830
0.229769
1.173829
1.417180
0.950599
-0.049464
-0.992594
-0.833204
-0.945631
-4.512978
-4.096147
-4.599040
-4.278808
-2.758123
-2.477941
-1.570544
-1.455463
-1.624198
-1.167613
-0.462031
0.160362
0.657931
-2.092345
-2.741287
-3.019065
-4.370108
-3.681579
-5.075669
-4.747336
-5.242009
-7.539058
-7.803366
-8.428955
-7.688382
-6.659186
-6.136715
-4.784579
-5.155195
-5.332057
-4.595739
-3.831133
-3.176120
-3.014527
-2.761713
-0.796849
-0.597948
0.246562
-0.030747
-0.986134
0.002414
-1.618317
-3.422874
-5.090685
-4.451822
-3.686396
-3.217691
-2.045970
-1.693612
-1.818938
-1.232374
-1.694072
0.018889
0.318860
0.628887
-0.636112
-1.294755
-1.779580
-2.285833
-3.625187
-3.509272
-3.160227
-5.720428
-6.841222
-6.777169
-6.782667
-5.830915
-5.484447
-3.835739
-3.817714
-3.360312
-3.993745
-3.406139
-2.750368
-1.692069
-0.936384
0.129270
-0.661349
-0.061352
0.407780
-2.914267
-3.371405
-3.199521
-4.559786
-7.054819
-6.655690
-6.896441
-5.857512
-5.593032
-4.624774
-3.618072
-3.968591
-3.587322
-3.501037
-2.834962
-1.889391
-1.653256
-0.784304
0.069331
0.720699
0.774293
-0.140554
-2.986359
-2.688023
-4.115492
-6.125231
-6.432349
-6.952593
-5.975556
-4.624512
-4.777413
-3.342941
-3.903788
-3.612571
-2.978108
-2.818101
-2.080337
-1.040804
-0.787498
0.293019
-0.876457
-1.185418
-1.988667
-2.677106
-2.725112
-4.511084
-6.137880
-6.260397
-5.962498
-5.485675
-4.470114
-3.750050
-3.223217
-3.144652
-3.302335
-2.358038
-1.526683
-1.648441
-0.761329
0.375187
0.389307
0.386573
-0.628070
-1.158437
-1.992796
-1.834190
-2.442904
-5.314539
-5.622594
-5.686986
-5.026343
-3.820808
-2.996595
-2.543786
-2.361858
-2.018376
-2.041839
-1.029285
-0.742661
-0.595125
-1.151820
-1.947325
-1.797503
-2.602380
-3.611603
-3.969454
-3.814474
-4.872969
-7.596320
-7.081252
-7.936534
-7.136289
-6.305106
-5.107248
-4.493834
-4.808139
-4.045618
-4.439744
-3.150005
-2.978689
-2.326643
-1.875012
-1.120685
0.032669
0.379787
0.161175
-0.403403
-0.928173
-1.043331
-3.537238
-4.112804
-4.329479
-3.964161
-3.181039
-3.760386
-1.734997
-1.844551
-2.007227
-1.541486
-1.435153
-0.162550
0.157463
-0.280387
-1.868906
-2.001062
-1.208048
-2.519748
-3.026880
-3.226853
-3.397150
-5.329314
-6.471051
-7.226182
-6.620932
-6.322716
-5.222854
-5.143508
-5.199977
-3.997716
-3.606245
-3.422367
-2.582877
-2.140759
-1.635035
-1.107070
-0.771910
-1.139363
-1.932701
-2.793229
-3.536585
-3.659470
-3.775250
-6.412155
-6.662323
-7.379669
-6.631244
-5.559019
-4.642272
-4.348786
-3.966186
-3.842516
-3.622274
-2.952916
-2.248593
-1.535420
-1.201460
0.426828
0.318778
-0.682139
-0.750874
-2.000794
-2.000458
-3.007692
-4.844720
-5.238314
-5.813458
-4.486080
-4.418426
-3.040903
-2.664249
-2.362959
-2.307689
-2.389255
-1.313683
-1.041509
0.256492
-0.646760
-1.824191
-0.916111
-2.664742
-3.246244
-2.781362
-3.748428
-4.086546
-6.479986
-6.942029
-6.122131
-5.995538
-5.169555
-3.957146
-4.012393
-3.473336
-3.547638
-3.430987
-1.718094
-2.292453
-1.088161
-0.238725
0.846466
0.942456
0.908670
0.366770
0.350769
-0.680117
-2.225109
-3.712482
-4.342215
-3.848930
-3.425513
-2.589031
-1.517081
-1.173935
-1.108030
-1.070498
-0.266014
0.462825
0.839665
-0.671582
-1.615833
-1.339260
-2.015134
-2.809747
-3.331847
-3.209121
-3.951623
-5.679630
-6.907036
-6.679111
-6.399745
-5.923224
-4.534963
-3.945515
-4.038511
-3.294189
-4.128982
-2.404463
-2.240189
-1.812305
-0.834817
-0.651587
1.747979
1.181313
1.022848
0.653987
0.016468
0.382583
-1.031341
-2.613127
-3.673541
-3.723560
-2.652550
-1.315202
0.143222
0.138370
-0.091360
-0.061062
-0.164410
0.851817
0.535655
0.462519
-2.600415
-3.132836
-3.320051
-3.705660
-4.767120
-4.460658
-5.263351
-7.170021
-7.964685
-8.271670
-7.621837
-7.303173
-6.476601
-4.976257
-5.460553
-4.633438
-5.083266
-4.163425
-3.123769
-2.913494
-2.337454
-0.965688
-0.157538
0.509836
-0.278397
-0.007521
-0.666552
-1.373975
-2.249661
-3.820725
-3.301641
-2.255255
-1.692344
-0.811899
-0.681415
-0.300634
-0.393726
0.175380
0.978423
0.675138
0.370770
0.318546
-1.226993
-0.581276
-1.541880
-1.712554
-2.368507
-4.022188
-5.810783
-5.273727
-4.710922
-4.174000
-3.904196
-2.136223
-2.257759
-1.393641
-1.966163
-0.776873
-0.135211
0.191933
0.809095
2.003578
1.767083
2.900329
1.675498
1.022640
0.949974
-0.317209
-3.469343
-2.900204
-3.649494
-2.561402
-2.010765
-1.287632
-0.007607
-0.462917
0.410759
-0.004164
-0.123287
1.785556
1.973890
0.154982
1.297380
0.630602
-0.225262
-0.899166
-1.041087
-1.957304
-4.822890
-4.475103
-5.332596
-4.441329
-3.412730
-2.454060
-2.041203
-1.064315
-1.033397
-1.711718
-0.617933
-0.369901
0.664320
1.140181
1.996587
2.421838
1.254189
0.582595
0.133062
-0.324820
-1.086874
-3.794968
-3.429111
-3.148345
-2.747982
-1.909347
-1.179142
-0.377347
-0.510530
-0.860654
-0.099297
1.583269
1.602560
1.702270
2.760651
1.912054
2.328315
1.881059
0.863502
1.234942
0.303295
-1.780062
-3.002570
-2.719423
-2.340380
-1.584026
-0.170512
0.290280
0.430582
0.410238
0.489384
1.566484
1.793067
1.953209
2.002018
1.302734
1.128509
0.583120
-0.765626
-1.139149
-0.309737
-3.726192
-3.452181
-3.949462
-4.166767
-2.835564
-2.691324
-1.080700
-1.446630
-1.137496
-0.682175
-0.013053
0.470783
0.939388
1.922974
2.588700
1.980231
1.670097
0.607365
0.004577
0.538653
-1.453642
-3.096817
-2.872615
-4.105863
-2.499033
-1.925626
-0.900001
-0.188412
-0.155338
0.105745
-0.025740
0.893057
1.635480
1.929744
2.464953
2.224927
1.932148
1.093987
0.321376
-0.226454
-0.510809
-0.715364
-2.664184
-3.442558
-3.586546
-3.183122
-2.688503
-1.769960
-0.746149
-0.856130
-0.310223
-0.682517
-0.064043
1.322093
0.995239
1.029036
-0.062867
-0.023117
-0.576204
-1.657221
-1.428214
-1.880490
-3.163051
-4.722553
-5.234410
-4.857536
-4.406097
-3.526215
-2.505341
-1.972212
-1.829464
-2.256565
-1.383455
-0.295803
-0.164699
0.500202
1.528183
1.975388
2.606880
1.352615
0.132842
0.518960
-0.254353
-3.093427
-2.821842
-3.984831
-3.017288
-1.937785
-1.665194
-0.280584
-0.115271
-0.713570
-0.611461
0.957501
1.334011
1.674988
1.937055
0.634106
0.958074
-0.022552
-0.100054
-1.306488
-1.239749
-1.702822
-3.998041
-4.799474
-3.750304
-3.489595
-2.822400
-1.412101
