二维采样长度为：0.800000 mm；采样间隔为：0.005000 mm；采样段数为：5；数据点数为：800。具体数据如下所示：
0.000000
0.603410
2.619688
2.745144
2.071228
3.599340
2.655274
3.486345
5.685161
4.412802
5.932875
5.212357
4.474403
4.464645
2.820240
2.689573
2.853537
1.633835
-0.379363
-0.538568
-0.855146
-0.379758
0.427031
1.441852
2.177641
2.262316
2.109625
2.631592
3.184276
4.072166
4.157881
5.037565
5.563509
3.340557
2.347883
1.352976
1.042366
0.996109
0.198658
-1.890803
-2.464207
-2.635194
-1.914916
-0.968643
-0.643652
0.120121
0.686485
0.669770
0.408837
1.119041
2.375214
2.138021
3.272091
3.769949
5.179805
5.348944
5.294746
4.984640
4.675380
3.618541
2.623665
0.449045
0.170636
0.024661
0.483110
1.415218
2.394265
2.678492
2.711402
3.039810
2.705674
4.451704
4.248302
5.021730
5.342023
4.007070
4.396816
3.354023
2.751622
2.342196
2.080842
1.327003
-0.634280
-1.584906
-1.295842
-0.255507
0.330004
1.286245
1.695276
1.668883
1.840989
2.204507
3.164925
3.586368
4.433127
4.760740
5.855141
4.084984
2.852124
4.082618
2.628679
0.551272
-0.676065
-0.562538
-0.884368
0.259557
0.473805
1.566329
2.006204
2.132846
2.053226
2.932518
3.741427
4.012324
4.605983
5.756402
5.939789
4.500216
4.129115
3.311538
3.374771
2.646506
0.725954
-0.436561
-0.224465
0.522409
1.024300
2.436492
2.783035
2.580458
3.230756
3.023301
4.068759
4.685511
4.467603
5.679965
4.734554
4.354620
3.240804
2.663591
3.062822
2.048531
0.302683
-0.433439
-0.989083
0.067658
0.721610
1.734391
2.243236
1.976462
2.710011
2.480500
3.548123
4.648745
4.820622
5.006186
5.266870
6.416949
5.957602
4.811251
4.161522
4.468099
2.680992
0.508412
1.250179
2.045100
2.029018
2.621281
2.371240
4.963104
3.741006
3.959426
5.551200
5.399853
5.176701
2.749797
3.430874
2.770395
1.752458
0.861014
1.095601
0.731526
-0.289488
-2.116747
-1.895714
-1.971369
-0.951933
-0.366549
0.168352
1.241665
1.075567
0.685653
1.518332
2.360649
2.897412
3.114880
4.020846
5.478495
5.717379
5.617752
5.042989
4.719695
4.604022
3.206553
2.951788
2.495702
2.758622
3.722149
3.464908
4.538279
4.640362
5.046318
5.139772
5.932650
4.326996
4.115003
2.407538
2.980183
1.839897
1.202875
0.727127
1.011678
0.449700
-3.524347
-3.133348
-3.031683
-1.662015
-1.790702
-0.011853
0.248882
0.289880
1.043733
1.013360
1.891632
2.635978
2.334637
3.937473
4.997040
5.744280
5.673644
4.833113
5.300825
4.688123
3.835371
3.121584
2.707006
1.985807
3.121745
3.001161
3.979284
4.603635
4.541403
5.377314
5.008784
6.073778
6.577043
6.354558
6.321740
4.727008
4.345993
2.936656
3.025381
2.357917
2.322399
0.154295
-0.352678
-0.556386
0.641778
1.318743
1.672898
2.558580
2.653134
2.555719
3.330091
3.323784
4.765536
4.687376
4.860462
6.151099
5.147401
4.712299
3.993197
2.947314
3.745060
2.662507
0.156558
0.465982
-0.841475
-0.061702
1.347389
1.176526
2.985588
2.116014
2.592002
3.107857
4.024215
4.939207
4.118009
5.592479
5.329393
3.976401
3.121621
3.299004
2.037100
2.591097
0.053094
-1.601583
-0.969929
-1.375031
-0.243742
0.892791
0.680879
1.991174
1.462082
1.886843
1.920064
3.372944
3.081393
4.176847
5.013205
5.992440
6.419313
6.312395
3.658932
3.505129
3.463707
1.638337
-0.284975
-0.564182
0.363776
0.782676
1.673030
2.304419
3.173883
3.135640
2.864270
3.564133
4.554887
4.526703
5.788915
6.463961
6.876146
6.312355
5.307907
4.748802
4.450540
4.080904
1.209748
0.942117
0.795130
1.825615
2.695381
3.349379
3.907881
4.595336
3.962363
4.415488
5.130718
5.549749
6.077136
4.558192
4.265008
3.803212
3.061760
2.315528
2.315943
1.732820
-0.540200
-1.244153
-1.540700
-0.588915
0.103270
0.135235
0.939185
1.428955
1.647351
1.355994
2.114885
4.074010
4.116168
4.746614
5.411526
6.332680
4.377832
4.286098
3.072181
4.052477
2.660791
0.553511
-0.019317
-0.248927
0.154154
0.087767
1.700069
2.507762
2.709231
3.108930
2.776667
2.847336
4.207938
5.019793
5.616638
6.103523
3.795105
3.153450
3.272753
1.965015
1.687730
1.789571
0.741588
-1.921651
-1.967703
-1.647821
-1.220482
-0.030028
0.663724
1.570154
1.365641
1.428031
1.594526
2.042190
3.296809
3.044188
4.016694
5.932734
5.782494
4.363808
2.692906
1.459907
2.975463
1.668788
0.374461
-0.677943
-1.891212
-0.366525
-0.259050
0.792196
1.734160
1.663490
2.992349
2.055445
3.376320
3.862297
4.063748
5.303090
6.094491
5.978475
3.704310
3.232612
3.346901
1.822929
0.824744
-0.604315
-0.607419
0.290191
0.857107
2.123048
2.345759
2.248374
2.612295
3.023900
3.719927
4.357040
5.181521
5.406160
5.418233
3.363616
2.693689
2.738392
2.075514
2.051068
-0.303698
-1.600614
-0.930968
-0.438929
0.101725
1.636122
1.728996
1.686502
2.210093
2.307595
4.314486
3.710382
4.636499
5.108630
7.334815
4.941465
4.834354
3.353024
3.486642
2.672196
0.308721
0.132737
-0.414090
0.062702
0.518479
0.960675
2.097090
2.317578
2.617004
2.646321
3.137896
4.515001
4.377203
5.170564
5.265977
3.504158
2.352169
2.139372
1.340467
1.397273
1.356634
-1.198576
-1.985406
-1.721303
-1.948172
-0.396313
-0.204369
0.729311
0.850548
1.222780
0.732306
2.335538
2.340377
3.004019
3.959952
5.288994
5.886507
6.310794
5.586561
5.803300
4.755758
3.637332
1.449340
1.035937
1.667001
1.666122
3.067354
3.701812
3.884543
4.370769
4.276822
4.359624
5.776891
5.660519
6.371447
5.073804
4.688379
4.276760
3.765588
2.762199
2.954513
2.428992
0.512093
0.138634
-1.269105
0.434341
1.939504
1.042361
2.969729
2.696638
3.338108
2.126768
3.957401
5.602896
4.093505
6.022384
6.339549
7.313823
7.488965
5.655221
7.331360
7.317928
3.465013
2.295464
1.257840
2.282670
3.502595
3.379182
5.125297
5.109806
4.947176
4.658017
6.264122
6.342930
5.875442
4.125547
4.192870
3.226646
3.193378
2.333395
2.183712
2.123028
0.123773
-0.803968
-1.333154
-1.193693
-0.225635
0.220439
1.216394
1.758675
1.689745
1.687768
2.663826
3.062005
3.774959
3.645672
5.506170
6.382242
6.382204
6.423920
6.147458
5.549692
5.775130
2.587416
1.075990
2.068053
2.239068
4.002345
4.022670
4.910772
5.537768
4.658838
5.884517
6.958594
6.671150
7.102077
4.943094
5.518351
5.286646
3.987518
4.021850
2.759783
2.898838
2.225929
-0.394253
-0.239694
-0.292384
0.335630
1.729615
1.659884
2.020051
3.031560
2.794203
3.615548
4.674640
4.342631
5.289146
5.319982
6.320525
5.786058
3.533315
4.403101
3.661743
3.442755
1.339276
-0.364358
0.427695
1.610339
1.823152
3.048617
3.364572
3.656119
2.964708
3.343992
5.159414
4.599110
5.790912
6.514015
7.140622
7.028571
7.383511
7.865501
5.308041
5.245687
3.144311
3.187540
1.411365
2.603582
3.393016
3.824039
5.640882
4.669516
4.276866
5.943400
5.691164
7.090734
6.120084
6.652102
5.696356
4.212525
4.592454
3.353579
2.994510
3.490921
0.847992
0.324519
-0.148074
0.134166
1.082876
1.336601
2.279224
3.078178
2.386906
2.887391
2.874167
3.850457
4.655294
4.880228
5.123113
6.899188
6.972564
7.571625
6.957747
6.456723
5.921130
4.667487
2.660447
1.868080
0.993941
2.099640
2.383572
3.090199
3.996644
4.306341
4.349835
4.397659
4.653505
5.918481
5.990920
6.571006
4.953342
5.297096
4.736651
3.626068
3.337284
3.389968
2.583501
0.451227
-0.063530
-0.583134
-0.350153
0.831236
1.644044
2.380019
2.533436
2.959265
2.848178
4.023069
4.282078
4.957388
5.625598
6.841561
7.360032
7.904994
7.026001
6.941219
6.934122
5.615578
3.112370
2.269556
2.024046
3.130889
3.409161
4.718492
4.610675
5.227927
5.034912
5.105513
6.160586
6.698288
7.080688
6.991373
5.682127
6.150914
4.936995
4.889852
3.870632
4.033243
3.214753
1.170900
0.369378
0.482568
0.668789
2.081099
2.146187
3.789532
3.313970
3.689967
2.790166
4.687738
4.707467
5.650169
7.084896
6.282037
7.628072
7.306620
6.063745
4.656473
6.095781
