二维采样长度为：0.800000 mm；采样间隔为：0.005000 mm；采样段数为：5；数据点数为：800。具体数据如下所示：
0.000000
4.579610
2.960673
2.323263
4.807841
4.085940
2.822771
5.972731
5.036832
5.682205
7.768216
8.108331
8.321782
7.842564
7.490378
6.810441
4.695608
3.324703
2.604217
1.338399
3.324930
3.164899
3.973455
5.057202
4.976322
5.994793
5.035201
6.172054
7.564927
7.331164
8.215724
6.982186
5.968938
5.933034
4.778327
4.799302
4.007219
2.007534
2.130003
1.520922
1.805449
3.015278
3.020664
4.661107
4.082649
4.604671
4.382265
4.971817
5.886634
6.999230
7.108264
6.011074
5.964351
5.406295
4.230600
4.194967
4.023037
2.277728
1.717666
0.315569
0.809980
0.988758
1.966660
2.822639
2.883721
3.407167
3.490757
3.548325
4.907717
4.778561
5.311928
6.543743
7.783885
8.113899
8.424627
8.063329
7.578041
7.254053
5.952633
3.271122
2.913136
2.445787
3.732831
3.992142
5.156752
5.914931
5.238063
6.384746
5.789176
6.962298
7.522780
7.231143
6.110765
5.363007
5.054065
4.953831
3.478451
4.336485
3.199300
1.114096
0.470985
-0.019843
1.514688
1.635146
3.293110
3.310769
3.572041
3.704989
3.362021
5.640409
4.965225
6.238654
7.135154
7.614652
8.015018
8.163292
8.064765
7.605311
7.010223
4.443692
3.640661
3.651740
3.822893
4.943315
6.106695
6.279369
6.745390
6.732122
6.664525
7.938204
7.816471
7.264199
6.193158
6.172684
5.703789
4.748909
4.432244
4.494690
3.211599
1.800394
2.187582
0.004588
2.288740
1.553496
3.316677
4.141870
3.977062
5.019446
3.981064
5.696932
5.864454
5.667113
7.506465
7.973788
8.648838
9.018755
7.376511
6.932118
7.058733
4.983252
3.189284
3.447339
3.814820
3.762425
5.430254
5.472867
6.422584
6.288360
6.054658
7.586109
7.796479
8.533914
8.618390
8.171986
6.798978
5.683547
6.236943
4.757504
4.714896
4.904926
2.265427
1.587628
1.823216
1.548708
3.295642
3.911840
4.373196
5.098862
4.955014
4.215247
5.349879
6.672246
7.324287
7.543243
8.421578
9.254786
8.728932
8.404943
6.445836
6.520801
3.757221
3.241599
2.698582
3.041079
3.619071
4.407484
5.181723
5.647203
6.246545
5.924437
6.070258
8.112497
8.194886
8.414005
9.671144
9.090068
9.446675
9.464059
8.563315
6.668848
5.839686
2.960962
2.511756
1.742795
2.683214
3.912596
5.160112
5.655600
5.707496
5.646448
5.930754
7.206401
7.308395
8.292172
7.946112
7.785047
7.047701
6.604536
5.730396
5.106430
5.171794
3.025300
1.769695
2.003103
2.341263
3.094663
3.765948
5.047175
4.661819
5.317903
4.733201
6.006100
6.723773
7.018598
7.217979
8.249130
9.518237
7.678484
6.777515
6.368845
6.447663
5.779836
3.201150
2.873980
2.882229
3.575021
4.510833
5.497114
5.952394
6.328633
6.101205
6.294477
7.298589
8.314332
7.526367
6.475415
6.754763
5.180101
5.214626
4.002957
3.678780
3.690406
1.034509
0.397310
0.569336
0.616286
1.740068
2.417988
3.354562
3.301927
3.551544
3.348232
4.641376
5.281260
5.307249
6.175011
7.645067
8.847237
8.752911
8.051553
8.512945
7.300093
6.093296
4.653729
2.415436
2.336826
2.076227
3.513182
4.365698
4.387946
5.496720
5.254154
5.439327
6.265428
7.125822
7.344860
8.260586
7.391620
5.922272
5.854259
5.549610
4.321979
4.887861
3.987840
1.816188
1.496878
0.694182
1.737089
2.309524
2.607371
4.208296
3.930126
4.612211
3.775406
4.463928
5.832278
5.634552
6.986325
8.653111
8.907276
8.580842
8.483035
8.000832
5.840519
4.315634
3.113819
2.488853
3.781755
3.787245
3.820207
5.584591
5.790376
6.022764
5.635849
6.609265
8.273274
7.587606
7.648851
7.877925
6.456917
7.060955
6.104042
4.703846
5.711488
4.397986
2.230432
2.119507
0.652126
2.147394
2.253048
2.956366
4.615642
3.800861
4.395989
4.776796
5.287871
6.812487
6.060533
7.307278
7.281748
5.280576
4.582483
4.633182
3.607773
4.774608
2.350616
0.795512
0.510715
0.422087
1.382943
2.346154
2.494609
3.856569
3.688387
3.918506
3.571472
4.882514
5.148911
5.615061
6.491013
8.141214
8.032734
8.208601
7.777182
6.299894
6.507787
5.026401
3.483390
3.547036
2.399888
4.346427
5.567540
4.887675
5.536458
5.342738
6.683036
5.781741
7.048850
7.394775
7.184705
5.853485
5.992550
5.344927
5.760537
4.091168
3.594552
3.301819
1.634362
0.625968
0.439199
0.843125
1.615470
2.556152
3.075435
3.447587
3.642021
3.408552
3.742388
5.648914
5.791143
6.348711
7.365826
7.870195
8.698914
8.061424
7.616875
8.425143
6.184370
3.855643
3.572472
2.527979
4.406093
4.312862
5.412388
6.423364
5.587061
6.894702
6.098956
7.174006
8.346489
5.664856
4.934626
4.601278
4.345709
3.707149
2.657225
2.843838
2.305669
0.146484
-0.325446
-1.006725
-0.010172
0.580991
0.514474
2.436507
1.630181
2.918908
2.345129
3.276776
3.985021
3.991567
5.231536
6.625596
6.866225
7.117401
6.624590
5.821906
4.832105
2.357117
2.089006
1.139594
1.818797
3.099370
2.765153
4.432613
4.072810
4.731272
4.366527
5.426859
6.040189
6.304020
7.005663
6.908934
5.445565
5.146525
3.992399
3.746561
2.958653
3.170280
1.990780
-0.245232
0.230175
-0.735071
0.671001
1.505975
2.111036
3.088802
2.290081
3.113897
3.093707
4.091273
4.636806
5.401855
6.199027
6.385581
4.979228
4.652706
3.575010
3.833364
2.903829
1.312728
-0.357274
-0.116528
0.885575
0.985017
2.688339
2.622860
2.848009
3.489364
2.826606
4.661884
4.349094
4.942712
6.261120
7.082066
7.583936
6.756527
4.657756
4.811575
5.134037
2.355433
1.405595
1.104429
1.789975
3.862064
2.954153
4.273934
4.823708
4.701144
4.777211
4.749485
6.810103
5.879256
7.278413
6.053284
5.934854
4.969034
4.443598
4.016335
4.191677
1.559482
1.035346
0.377081
1.298288
2.662890
2.055681
3.452653
3.320651
4.516050
4.302992
4.205811
5.244517
6.282124
6.677108
8.320164
8.138517
6.929231
5.918533
4.260987
5.163649
4.321924
2.654355
1.677849
0.928403
1.817288
2.832348
3.332103
4.387968
4.231698
4.953207
4.715443
5.676616
6.029267
6.474277
7.363169
7.983064
6.778409
5.732921
5.309712
4.670244
4.923583
2.093916
1.606933
1.153261
1.351565
2.494481
2.990362
4.343867
3.957529
4.773010
4.031392
5.293734
6.332518
6.235255
7.337059
8.933236
8.764706
9.629430
8.760094
8.959072
8.414991
7.260036
5.563102
3.803000
3.312534
3.888949
5.011964
5.562954
6.615392
7.297810
6.936239
6.772157
8.478064
8.044767
7.233150
6.113070
5.067182
5.810963
4.413941
3.819707
3.272842
3.363951
1.843693
0.234027
0.038066
0.393703
0.812110
2.303630
2.288794
2.072827
3.487422
2.828204
3.912046
5.050936
4.955826
5.993089
6.639389
8.274027
8.313829
7.340422
6.111228
5.677827
4.784740
3.167320
1.355581
1.831414
2.712868
2.882399
4.434519
4.611648
5.038790
5.229445
5.070482
6.317448
7.074714
7.131623
8.045289
8.762082
9.566134
6.306756
4.875488
5.614924
4.856544
2.421407
2.330514
1.312081
2.050495
2.834388
2.998649
4.162718
4.680838
4.512173
4.983942
4.688400
5.671670
6.740267
6.978166
8.164348
8.472169
8.007239
6.676411
5.828560
5.668935
5.671741
4.872043
3.066768
2.451502
2.286774
2.525467
3.132412
3.477935
4.318156
4.918311
5.292554
5.272845
5.448480
6.141405
7.021966
7.210721
8.649403
9.535667
8.999167
7.599903
6.289500
6.089512
6.146068
3.885963
3.208870
2.310659
1.863424
3.083982
3.337892
4.217704
5.330474
5.022816
5.470261
5.614113
6.353229
7.575095
7.453838
5.855121
6.644713
5.679208
6.003525
4.864814
4.017819
4.152272
2.625734
1.450706
1.383871
0.162132
2.425464
2.553561
3.398141
3.890838
3.510702
4.264838
4.094247
5.094616
5.765131
5.891413
7.028775
8.602501
7.970967
9.286251
7.708130
8.112325
7.681322
4.653901
4.070843
3.111901
3.746613
4.672489
4.882775
6.770199
6.523362
7.137072
6.965854
7.027195
8.779306
8.398853
8.606153
6.983509
4.635437
6.566917
4.808397
3.552824
4.087371
3.333651
2.752092
