二维采样长度为：0.800000 mm；采样间隔为：0.005000 mm；采样段数为：5；数据点数为：800。具体数据如下所示：
0.000000
1.370376
1.658758
3.451609
3.189454
4.075136
4.508951
3.113335
4.507713
4.155776
1.135949
1.450901
-0.254694
-3.095421
-2.279719
-1.431560
-2.317541
-1.208642
-0.490395
0.258229
-0.002458
-0.149318
1.809841
2.042593
2.615371
2.669349
4.720860
4.566701
4.676271
4.645056
3.409342
2.737622
1.652681
0.121565
-1.415049
-1.897250
-0.118491
-0.156559
1.420250
1.610511
1.746311
2.431909
1.842875
3.651353
3.521516
3.836962
4.249386
2.487659
3.317420
2.032201
1.223538
0.877328
0.810747
0.536193
-1.818904
-2.666142
-2.847524
-2.828950
-1.486056
-0.967885
-0.010089
-0.150872
0.175855
0.165504
1.022504
1.762039
2.148085
2.844555
3.950561
4.306655
4.476161
4.586280
4.585358
4.590080
3.237504
1.027866
0.467375
-0.069047
1.168884
1.501912
2.419255
3.187378
3.060389
3.130053
3.168314
3.159309
3.757732
3.762239
3.631742
1.997079
2.390045
1.324153
0.672136
-0.000527
-0.512097
-1.829114
-2.803306
-3.025478
-2.609587
-2.103665
-1.290808
-0.858242
-0.107874
0.038832
0.227258
0.546307
2.284221
1.861432
2.594874
4.296164
4.468818
5.034736
4.004640
3.707465
2.733476
1.804325
0.061842
-1.010405
-0.782775
0.103598
0.585222
1.782664
1.913884
2.231370
2.081938
1.890868
3.255183
3.778097
4.267288
4.487928
4.082101
2.998805
2.389361
1.628117
2.044267
0.873405
-0.889170
-1.570815
-1.975140
-0.707349
-0.210457
0.485835
1.343885
1.093730
1.469563
1.797338
2.452182
3.424326
4.636618
4.516808
4.697007
3.662801
2.135352
2.289048
1.165227
1.358292
-0.169683
-1.865219
-1.798424
-1.767515
-0.803401
-0.406493
0.596969
-0.050668
0.146555
0.920080
2.971760
3.766854
3.366622
3.734485
4.304580
4.929438
5.439088
3.704395
2.972542
2.781719
-0.237780
-0.008284
-0.708892
0.289503
-0.525034
0.801916
1.481017
1.889478
2.943802
3.158708
4.778523
4.842426
3.958140
4.421852
5.515896
5.141285
4.807294
2.087005
3.095768
2.389296
0.633072
1.064394
-0.731386
-0.219941
-0.156778
-0.091789
0.661167
0.860691
2.169492
1.365518
2.357621
2.727802
3.950542
4.784384
5.145683
5.527718
5.616077
4.659607
5.159741
4.856858
2.739842
2.478094
0.340800
-0.381827
-0.560747
0.489055
0.965765
2.494289
1.906593
2.547296
2.649423
2.535562
3.688690
4.367765
4.795683
4.603273
4.135029
3.435889
2.285965
1.847935
1.990195
1.487685
-0.932694
-1.747922
-2.358342
-1.039300
-0.410203
0.763474
1.427295
1.792083
1.586870
1.263878
2.283102
2.987142
3.492453
4.780650
5.867697
6.442158
6.245257
5.958447
4.908673
4.083144
1.546365
1.008276
0.862158
0.601234
1.245487
2.337963
2.487499
3.836908
3.176802
3.967068
4.207883
5.063113
5.613115
4.991054
4.383277
4.468071
2.787204
3.215706
2.184175
1.929153
2.021305
-0.618157
-0.957590
-1.301029
-1.290249
0.154334
0.250336
1.445559
1.428482
1.425494
1.804307
2.835736
3.104949
3.830088
4.076997
5.013230
5.947013
4.469155
4.221637
3.463578
3.014296
2.034659
0.377936
-0.581723
-0.256104
0.112267
0.924017
2.132277
2.428267
3.326205
3.082383
2.789459
3.858636
4.479442
4.647401
4.543973
2.907281
3.268928
2.002744
1.335902
1.213925
0.704438
-0.098278
-1.914591
-2.420634
-1.968199
-1.287115
-0.884170
0.142952
0.505504
0.865614
0.835105
1.288127
2.566288
2.456825
2.932655
4.293675
5.250253
5.423262
5.428263
3.496525
3.478934
3.174809
0.452056
0.101040
-0.533905
-0.076423
1.234104
1.590197
2.794485
2.514563
2.626741
2.988098
3.436528
3.995399
4.882157
4.901631
4.577866
4.540410
3.276520
2.990804
2.026941
2.060328
1.910632
-0.595354
-1.237208
-1.175540
-1.108810
0.144210
0.317935
1.381429
1.477202
1.497439
1.673557
2.571027
2.888645
2.908736
3.952317
4.322736
4.479434
3.544055
3.027455
2.167582
1.863107
1.166171
-0.265766
-1.313462
-1.361020
-0.702774
-0.362777
0.808434
1.086227
1.891732
1.817650
1.998653
2.301565
3.790733
3.540685
4.271798
5.178314
5.863974
5.700483
5.214362
3.559825
4.114836
3.158683
1.349936
0.178331
0.200866
-0.017868
1.305121
1.557426
3.528475
2.828719
3.690510
3.229778
3.843814
5.015978
5.129816
5.476171
3.846487
2.735684
3.165526
2.154903
1.776612
1.277709
1.122836
0.447647
-2.346066
-2.148469
-2.167899
-1.721680
-0.900931
-0.111451
0.896480
0.747008
0.707143
1.276777
1.892022
2.273980
3.598339
3.628928
5.145352
5.089073
4.069783
3.077396
3.168160
2.486234
2.311593
-0.831487
-0.849791
-0.818849
-0.531364
0.582431
1.323682
1.902230
2.207369
2.179199
2.180347
3.130849
3.928985
4.395252
4.607546
3.169973
3.801332
2.603363
1.619313
1.296810
1.202902
-0.113408
-1.690319
-2.157456
-2.335476
-1.050156
-0.916031
0.206528
0.684689
0.512881
1.218982
0.800282
2.299526
2.738477
3.211777
4.176416
4.728910
4.476039
4.725122
4.189900
3.245605
2.199625
1.909159
-0.192726
-1.375338
-1.451623
-0.578075
-0.017569
1.272413
1.689702
1.619628
1.948154
2.117689
2.871414
3.728020
3.695677
4.109708
2.888089
2.337621
2.300167
1.480902
0.519560
0.877329
0.202260
-1.408997
-2.565001
-2.799028
-2.439170
-1.906381
-1.178530
-0.421298
0.290532
0.522705
0.163379
0.769059
1.942772
1.829206
2.958372
3.136317
2.925141
2.479067
1.746988
0.942022
0.877131
0.193200
-1.798730
-2.625988
-3.040424
-2.162115
-1.525061
-0.822085
0.191816
0.408304
0.818088
0.899975
1.234152
2.161678
2.330093
3.120831
3.852871
3.804890
3.750868
4.021336
3.780377
3.876764
3.791667
0.641594
0.619598
-0.399122
0.097940
1.288983
1.580544
2.731935
2.740489
3.026473
3.106703
3.854286
4.493535
4.648610
4.516878
4.152335
4.202305
3.024166
2.645653
1.845534
1.327366
1.298660
-0.665263
-1.926560
-1.903306
-1.397507
-0.641158
0.228335
1.302739
0.814930
1.135175
1.474864
2.286584
3.160831
2.717751
2.814291
3.439043
3.413080
3.916649
3.707967
3.746383
3.731684
3.191795
3.195648
0.966807
0.727178
1.528604
1.665044
2.808108
2.931611
3.068537
3.129961
3.940661
2.920189
4.168568
3.861699
3.992153
3.172239
3.512590
3.305551
2.447971
1.880246
1.936854
-0.305100
-1.314264
-2.185755
-1.393122
-0.467324
0.123262
1.035443
1.310649
1.579563
0.410216
2.474422
2.828469
3.044057
2.647490
3.123138
3.434283
2.493572
3.246934
3.222980
3.415662
2.027436
2.336809
0.995015
-0.216869
0.247521
1.141387
1.072270
2.395968
2.347209
2.954647
3.199170
3.190144
3.486802
3.824215
3.249229
3.534165
3.168566
2.947276
3.086861
2.040256
0.744866
0.890506
-1.348033
-2.406666
-2.459939
-2.200810
-0.465466
0.125478
0.028060
0.899697
0.046840
0.729863
1.837256
2.171548
2.475901
2.517523
3.167293
3.537404
2.988275
3.774264
3.285088
3.664694
4.014139
3.125870
3.526115
3.372346
2.255726
3.318838
2.784467
4.650327
4.033931
4.906235
4.514384
5.382461
6.190983
5.900138
5.988244
5.652161
4.405329
3.802299
2.649986
2.186265
2.553059
1.536094
-0.201414
-1.337918
-1.198965
-0.367717
-0.028201
1.102226
1.875313
1.810204
2.391295
2.123595
3.081106
3.992687
4.341353
4.859164
5.178580
3.826454
2.387708
1.969586
1.635079
1.731478
-0.474144
-1.942806
-1.679546
-2.187575
-1.226921
-0.609871
0.199737
0.733383
0.738706
1.009811
0.964636
2.161068
2.405096
3.163769
3.790605
4.764266
5.153254
5.145617
4.981285
4.430159
2.926612
2.376908
0.151001
-0.460177
-0.958334
-0.620114
0.486963
0.462260
1.689655
1.798498
2.410888
2.196782
2.743542
4.140412
3.962318
4.804015
5.229545
3.855392
3.927402
3.184930
2.189261
1.698886
1.697331
0.207765
-1.032790
-1.699948
-1.797645
-1.162489
-0.200399
0.769036
1.167192
1.717083
1.334228
1.794802
2.416709
2.854529
4.100122
4.255623
5.442492
5.414074
5.541516
4.801189
3.616185
3.283454
2.481353
0.854800
-0.815358
-0.507644
0.172692
0.774246
2.106614
1.992120
2.816911
2.807752
2.777274
3.600665
4.375233
5.101837
3.698229
2.946310
3.303787
2.437948
