二维采样长度为：0.800000 mm；采样间隔为：0.005000 mm；采样段数为：5；数据点数为：800。具体数据如下所示：
0.000000
-1.734573
-5.668250
-6.662713
-5.540390
-6.492295
-8.940210
-9.135911
-10.626771
-10.636811
-12.414174
-11.793107
-11.452462
-10.369800
-8.974579
-8.233719
-6.649248
-6.605494
-6.603660
-5.342243
-3.172899
-1.685390
-0.261985
-0.216782
-0.180221
-1.398276
-5.045610
-4.889524
-6.548508
-6.864141
-9.204716
-8.635140
-8.580556
-9.507904
-7.204374
-6.861232
-5.466441
-5.128253
-4.469683
-3.655210
-3.057816
-0.984083
-0.338980
-0.029411
-0.778722
-3.910915
-5.516923
-5.191495
-6.440766
-7.619253
-8.483040
-9.977750
-10.759827
-10.920153
-10.340176
-8.635801
-7.044751
-6.652712
-6.183300
-5.637844
-5.329625
-4.702127
-3.975917
-1.065506
-0.813159
1.618656
0.771223
0.654824
-0.102827
-0.709309
-2.246348
-4.860057
-4.681941
-6.741416
-6.640883
-6.433790
-7.202152
-4.961220
-4.334492
-2.687441
-2.078994
-1.986481
-1.509090
-0.750704
1.834911
1.390719
-0.129153
-4.708086
-5.733897
-6.105068
-6.980221
-8.653174
-9.498677
-10.959604
-11.492757
-11.326441
-11.941561
-9.102324
-8.466962
-6.921644
-7.347820
-6.508168
-5.455414
-4.100303
-2.787859
-2.836489
-2.220066
-2.763283
-4.910060
-4.969456
-5.988351
-7.812937
-8.577182
-9.970393
-10.614857
-10.121916
-10.630791
-8.184360
-7.761707
-6.806157
-5.712461
-5.458985
-4.521961
-3.945290
-1.207527
-1.197048
-0.434055
-0.311957
-0.720920
-3.104703
-7.143650
-7.891726
-9.395436
-9.212364
-12.007113
-10.734921
-11.504105
-11.087806
-8.861964
-8.772469
-5.831710
-6.568945
-5.232235
-4.666698
-4.252274
-0.705414
-0.823606
0.827241
0.493719
-0.118472
-3.907335
-6.784043
-7.086252
-8.556693
-9.114184
-11.094361
-10.002531
-10.923503
-9.172527
-8.571603
-7.242132
-6.152435
-5.645104
-5.012192
-4.727749
-2.300027
-1.118358
-0.091559
-0.471820
-1.171243
-2.701777
-4.738676
-4.896383
-6.234393
-7.469549
-8.063101
-7.656162
-8.289312
-6.572788
-5.618188
-5.049427
-3.335543
-3.665913
-2.501764
-2.276053
-0.171741
1.248738
1.266153
0.901012
-1.282092
-4.649422
-5.835902
-6.692781
-8.648561
-8.310441
-10.630528
-9.457691
-10.023745
-9.972586
-8.649458
-8.384998
-7.845275
-5.356220
-4.546045
-4.976037
-3.376356
-0.705202
0.993855
1.556976
0.054294
-2.035261
-3.424055
-3.529467
-4.958179
-5.679166
-7.762695
-7.924647
-7.128675
-7.630271
-5.577125
-4.627691
-3.617588
-2.974649
-2.038106
-2.167528
0.806117
2.679408
2.690201
-0.402523
-5.288337
-5.457758
-5.249158
-8.077203
-8.377669
-9.277401
-11.703868
-10.867717
-10.506765
-11.096778
-8.881716
-8.113779
-7.546617
-6.259273
-5.323197
-5.080426
-4.783783
-1.495142
-1.016221
0.614036
1.400256
0.335320
0.059951
-2.604333
-3.809053
-4.708537
-6.434925
-7.591330
-7.629575
-7.840080
-7.633018
-5.804502
-5.226123
-5.790723
-4.204364
-2.903079
-2.304364
-1.385180
0.883206
1.442090
1.150741
0.189586
-4.268960
-4.682066
-5.799395
-6.808460
-7.906672
-8.207943
-10.288987
-9.423967
-9.984610
-8.975468
-8.001404
-6.570490
-5.582838
-5.096383
-4.849446
-4.083484
-2.537703
-0.765745
-0.531487
-0.487401
-0.677792
-4.585527
-4.692638
-4.987373
-7.859906
-7.374204
-8.994527
-9.259663
-9.622034
-9.126746
-8.212498
-5.907811
-5.332307
-4.467907
-4.295961
-3.102605
-1.589057
-0.147006
0.053528
-0.321833
-3.241740
-3.804801
-5.256067
-5.783864
-6.512450
-7.446106
-8.594002
-8.693767
-9.542916
-8.981924
-7.519089
-6.164009
-5.145001
-4.527580
-4.273453
-3.530616
-2.104204
0.046166
0.875684
-0.128500
-0.162279
-2.787397
-4.074056
-4.173553
-6.352360
-6.511950
-7.547439
-9.539122
-9.728432
-9.197905
-9.611036
-7.698803
-6.155352
-6.368944
-5.308546
-5.027486
-4.345888
-3.505868
-1.482604
0.519911
1.240559
2.304083
1.474401
0.705995
-4.235016
-5.453536
-5.916335
-7.334522
-8.813584
-9.230723
-9.350938
-8.845529
-7.746503
-6.528401
-6.163931
-4.676268
-3.762716
-3.711254
-3.386779
-0.689452
0.284126
1.179152
-0.102221
-2.391414
-5.131703
-4.673873
-6.775911
-7.106955
-8.469242
-9.640325
-10.475524
-9.793137
-10.406172
-8.309596
-8.398531
-6.435827
-6.349407
-5.775101
-5.360367
-4.623352
-2.484709
-1.496560
0.290809
-0.352432
-0.954481
-1.345814
-3.640658
-3.754228
-4.979510
-6.505394
-7.773046
-7.792957
-7.914172
-7.945434
-6.055670
-4.958294
-4.247988
-3.718801
-2.913776
-2.677399
-1.765743
0.774732
2.011331
2.891754
1.739009
-1.979845
-4.705866
-6.010693
-6.652609
-7.502449
-8.727742
-10.248698
-9.147107
-10.143048
-9.362837
-7.820970
-6.828814
-5.896052
-5.523596
-4.897454
-3.972374
-3.447320
-0.393602
-0.251023
1.714109
1.603751
0.875155
-2.615511
-3.090097
-4.640919
-5.614365
-6.912128
-8.722078
-8.104568
-8.323623
-8.901783
-6.339910
-5.461612
-4.340802
-4.359874
-3.286005
-2.864610
-2.672476
1.103739
1.333264
0.938965
0.701668
-4.081694
-4.589476
-5.618089
-6.869521
-7.881986
-8.196683
-9.086674
-9.243560
-10.297110
-8.300622
-7.920119
-6.921882
-5.316213
-5.290367
-4.680097
-4.034961
2.425328
2.694906
3.111840
2.209814
1.377374
-2.112166
-4.468759
-5.138977
-5.693226
-7.412097
-8.602613
-8.849666
-8.988497
-8.884422
-6.727530
-6.662173
-4.529767
-4.939320
-3.686216
-3.682465
-3.174810
-0.243505
0.926880
1.614926
-0.357284
-4.214221
-4.697428
-4.863921
-6.391119
-7.011145
-8.503095
-9.668990
-10.097964
-9.844241
-10.863051
-8.471491
-8.189266
-6.622989
-5.640237
-5.667367
-4.714685
-4.768185
-1.708252
-1.022287
-0.326526
1.081482
0.525248
-1.037816
-3.657161
-6.679445
-6.075905
-7.865067
-9.730480
-8.667021
-9.607933
-9.641290
-6.833336
-6.672788
-4.672235
-4.979610
-4.466411
-2.058330
-2.810389
1.308162
0.080440
0.896514
-1.486965
-3.754449
-3.894807
-4.778352
-6.363125
-7.102343
-8.138505
-9.530499
-8.520455
-8.702445
-8.413156
-6.978761
-5.455341
-2.919935
1.417400
4.388665
3.676450
3.979749
4.945765
4.204737
4.081665
2.561964
-0.852408
-2.800630
-4.378260
-5.199145
-6.672730
-8.274886
-8.038093
-8.150541
-8.574375
-6.260735
-5.572488
-4.061423
-4.277242
-4.622650
-3.269738
-2.824496
0.513282
1.255780
2.860678
3.297239
2.683046
0.764211
-2.227698
-2.481155
-2.751376
-4.466788
-6.585508
-6.619703
-6.550271
-6.397871
-4.967632
-3.505269
-2.796671
-1.978306
-1.381008
-1.263274
-0.534098
2.253133
3.646213
3.371090
0.064083
-3.585278
-4.239079
-4.653987
-6.234036
-6.865733
-8.539923
-9.637696
-10.067085
-10.214171
-9.721003
-8.039356
-6.684663
-5.948455
-5.235959
-4.443931
-4.129360
-2.940988
-0.995526
0.672830
1.830556
2.399949
1.166696
-1.605199
-2.436196
-3.697706
-3.990092
-5.140821
-7.126940
-6.749015
-6.933549
-7.186347
-6.257793
-4.269896
-2.803458
-2.253614
-1.652047
-1.311052
-0.941022
2.494178
3.193326
3.752966
0.818330
-2.203052
-2.174661
-4.796986
-4.531614
-5.323192
-6.975972
-8.129959
-8.263028
-8.062167
-8.598457
-6.463750
-5.033611
-4.546764
-3.438354
-3.287526
-2.475612
-1.728496
0.323206
2.564191
2.172537
2.294200
-1.120514
-1.852006
-2.952832
-4.969135
-5.368455
-7.175212
-7.679574
-6.798106
-8.329990
-5.562232
-4.722154
-3.957145
-3.269703
-2.756532
-2.287367
-1.771720
1.093159
2.670593
3.376096
4.223325
4.616015
1.748702
-1.145348
-3.710870
-4.666947
-4.644038
-6.452811
-7.574351
-7.428589
-8.210698
-7.719020
-6.070804
-4.489254
-3.424296
-3.477214
-3.263608
0.115675
3.581591
3.674338
3.749187
3.658837
2.289859
-1.685909
-4.297284
-4.343082
-5.027240
-5.317415
-8.085862
-7.867744
-9.928826
-9.187676
-9.606568
-8.925909
-7.508196
-6.195168
-5.333499
-4.631282
-4.165526
-3.520402
-1.945942
-0.121345
1.725814
2.322290
2.946590
1.933547
1.253057
1.847018
-0.720635
-1.188570
-2.856964
-2.909170
-5.004991
-4.403083
-5.124182
-3.340418
-2.626502
-1.183237
0.002053
-0.390395
0.813379
0.993917
2.389529
2.608278
0.630236
-1.849395
-3.559427
-4.842952
-5.180496
-5.962067
-7.520515
-8.921108
-9.431782
-10.130071
-9.900043
-10.238508
-8.585346
-7.257760
-6.978684
-5.559529
-5.821614
-5.028660
-4.105062
-2.370815
-0.806937
1.301139
1.117710
0.572378
-0.052750
0.610877
0.574346
-1.924322
-2.988274
-5.168643
-4.632627
-5.217758
-5.755092
-3.423466
-1.877539
-1.883544
-0.446394
-0.479058
0.278705
0.801837
1.227709
1.628392
-0.088486
-1.439931
-3.424697
-5.134157
-5.327221
-6.373292
-7.498338
-7.975807
-10.625906


