二维采样长度为：0.800000 mm；采样间隔为：0.005000 mm；采样段数为：5；数据点数为：800。具体数据如下所示：
0.000000
-2.913242
-3.166552
-5.930428
-5.675209
-7.518452
-7.885153
-8.314803
-8.948151
-6.238446
-7.275072
-4.318060
-3.896792
-3.972446
-2.142680
0.829760
3.039695
2.716409
2.455387
1.377619
-1.978553
-2.620660
-3.580944
-4.412849
-5.189927
-6.286069
-8.604576
-7.934014
-7.934696
-8.494813
-6.278989
-4.343137
-4.523617
-3.582889
-2.734533
-3.258939
-1.971495
0.310727
0.753240
0.743214
0.666716
-0.552928
-1.441830
-2.666675
-3.254857
-4.266260
-5.281361
-7.466198
-6.947192
-6.911435
-7.563281
-5.676219
-4.871521
-2.862973
-2.612793
-1.350538
-1.609707
-1.213260
0.694231
1.957510
2.754597
2.856167
0.057338
-3.951931
-3.920235
-5.300762
-6.580324
-7.583770
-8.966771
-9.438849
-8.995201
-9.878930
-7.601671
-7.829796
-5.903153
-5.374073
-4.597235
-4.202361
-3.964562
-1.249865
-0.650817
1.811633
1.648321
2.034685
0.679809
-2.295778
-4.010154
-4.246178
-5.949573
-6.604138
-6.620261
-6.898762
-7.895811
-5.211990
-5.230569
-4.882905
-4.297183
-3.516614
-2.322205
-1.571026
1.627234
1.038835
1.026470
-2.591397
-4.606102
-4.556396
-6.871477
-7.149975
-9.199747
-10.225520
-8.490402
-10.597875
-8.945341
-9.174272
-7.331313
-5.476212
-5.352779
-4.272835
-4.513723
-1.821634
-1.067680
0.772211
0.961711
-0.606563
-3.272403
-4.936354
-5.248312
-6.662512
-7.407381
-9.169896
-8.798849
-8.925967
-7.799954
-7.441263
-5.303863
-4.937332
-4.206359
-3.662099
-3.284123
-0.894639
-0.370772
0.105884
-0.648345
-1.818447
-3.577646
-3.588415
-4.869552
-6.153778
-6.950173
-8.215659
-9.856254
-7.616906
-7.578400
-6.618537
-6.070369
-5.274254
-3.529183
-3.841428
-2.618446
-1.744478
0.527644
1.939880
0.993963
0.121863
-3.978943
-6.633219
-7.579800
-7.278504
-9.258960
-9.147376
-12.495440
-10.610990
-11.471635
-11.430257
-9.445951
-8.148672
-6.563873
-5.924450
-6.681161
-5.187667
-3.978473
-1.926770
-1.065028
0.521761
0.192624
-0.491843
-1.556374
-2.060195
-3.854627
-4.947244
-6.326118
-6.868861
-7.200758
-6.519610
-5.130827
-3.860766
-2.983198
-1.497583
-0.856216
-1.708064
0.344881
1.400872
2.357685
1.094471
-2.287587
-5.260912
-5.785256
-6.971874
-7.119734
-8.557855
-9.006497
-11.232541
-11.024281
-10.306303
-11.247848
-9.437826
-7.612206
-6.803520
-6.589408
-5.554017
-5.712851
-4.117069
-2.281832
-0.644894
0.009525
1.130717
0.720289
-0.014553
-1.812704
-2.020953
-3.898789
-4.334733
-6.028274
-5.332462
-6.173964
-4.240177
-2.663737
-2.809658
-1.059319
-0.608871
-0.719549
0.388567
1.764723
2.358630
1.093522
-1.273738
-3.289827
-5.240128
-5.572262
-6.252996
-7.361838
-7.866180
-10.194759
-9.961763
-9.615489
-10.199540
-8.159619
-7.251169
-7.083355
-5.183626
-4.613225
-5.549023
-3.526120
-1.303457
-0.050690
0.176882
1.696469
1.418693
-0.291992
-1.904223
-2.294823
-3.577699
-3.921675
-6.816063
-5.536495
-6.168135
-5.874341
-4.279247
-3.280886
-2.562036
-1.538959
-1.630103
-0.285145
0.512998
2.233137
2.031180
0.481652
-0.533753
-2.884876
-3.555500
-3.865257
-5.704384
-7.634750
-8.117229
-9.617350
-8.768218
-9.351597
-7.287564
-5.929302
-5.706122
-4.318842
-4.331747
-3.605428
-2.524749
-1.008564
1.360034
1.680449
2.508283
2.355040
1.171766
-0.678076
-5.283904
-6.010124
-7.473671
-8.545589
-9.514960
-9.272633
-9.932977
-8.105561
-6.584041
-6.636720
-4.615126
-4.654488
-4.221675
-3.538904
-1.541107
0.703609
2.030256
2.380997
1.405318
-0.590792
-3.594518
-4.523861
-5.792849
-7.580679
-9.230286
-8.971766
-8.883462
-9.283397
-7.550357
-5.981409
-6.086791
-5.917458
-5.423417
-5.266801
-3.567576
-1.019255
-0.020355
0.903072
-1.162491
-4.535313
-4.536983
-6.152291
-6.553082
-6.965575
-8.948937
-10.017024
-10.575126
-9.892211
-10.547949
-8.381260
-7.509151
-7.927860
-7.450820
-6.196625
-5.547797
-4.128523
-2.338413
0.137723
0.340214
1.457738
0.506010
0.439463
-2.192114
-3.923603
-4.434224
-4.459090
-6.088587
-8.572674
-6.720625
-7.839693
-8.236559
-5.862663
-5.357527
-3.882729
-3.593351
-2.406080
-1.876162
-1.593619
1.132863
1.316246
0.891107
0.713306
0.414818
-2.113490
-5.873358
-5.579584
-6.368240
-7.271391
-8.706230
-9.245253
-8.536997
-8.950073
-6.596322
-5.674917
-5.284426
-3.996641
-4.234537
-3.811676
-2.271194
-1.936676
-0.201614
-0.383515
0.165959
0.747288
0.712056
1.019666
-0.189902
-4.854924
-5.901550
-7.969209
-8.209738
-7.247204
-8.213083
-6.276145
-5.577152
-4.333633
-3.298552
-2.879426
-2.490357
-1.946891
0.793610
0.739665
1.269296
0.335792
-0.987693
-3.296810
-3.686344
-5.032233
-6.288614
-6.951389
-8.585162
-9.549129
-8.844239
-9.278758
-7.355737
-6.643556
-5.415996
-4.129712
-3.950242
-3.846600
-3.286621
-1.002895
0.752262
1.101227
1.008847
1.051094
-1.265967
-4.045741
-5.657287
-5.891220
-6.984146
-7.962049
-9.546420
-9.525245
-9.506038
-8.263213
-7.539013
-6.169212
-5.562009
-4.517912
-4.657950
-3.610127
-2.341842
1.002223
0.360778
-0.583294
0.100234
0.363980
0.839313
0.759733
-2.344368
-6.638051
-6.622704
-8.997188
-8.184409
-8.151264
-6.972082
-7.240575
-5.861873
-3.911007
-4.055842
-2.539842
-2.663965
-1.549044
0.299242
0.374312
0.787849
0.774088
0.022874
-2.907349
-5.203507
-5.655537
-7.924169
-8.943128
-9.193576
-10.316222
-9.195041
-11.302978
-8.152367
-5.493660
-6.568298
-5.364597
-5.516416
-4.851054
-4.478599
-2.165099
-1.694246
-1.551418
-0.670774
-0.319793
-0.875629
-0.271589
-2.633157
-3.518106
-3.972145
-4.966311
-7.280282
-6.464854
-7.149595
-6.170737
-4.963696
-3.571801
-2.619691
-2.503375
-1.685441
-0.828635
0.341614
-0.306882
-0.446142
-1.674393
-3.688892
-4.550728
-5.631395
-5.562893
-8.550793
-8.654165
-11.314176
-10.956516
-9.907417
-11.955289
-8.508127
-8.624103
-7.256997
-5.962154
-6.020123
-5.487818
-4.668887
-2.529345
-0.304644
-0.499511
0.665371
0.069021
-0.874845
0.332214
-2.211536
-2.348473
-3.925111
-4.576011
-6.376125
-5.680882
-6.181828
-4.517580
-3.933306
-2.796769
-1.897951
-1.050890
-0.906348
0.106273
0.418371
0.888493
0.084719
-1.998741
-3.888304
-4.271433
-6.084753
-6.629906
-7.559022
-8.823997
-10.503179
-9.399813
-9.874270
-8.483404
-7.601168
-6.763803
-5.306956
-4.735506
-4.675466
-4.080800
-1.709650
-0.194567
0.746234
1.423279
1.088380
1.026560
-1.595572
-3.231635
-4.109547
-5.430202
-6.168659
-7.940218
-7.237215
-7.888301
-6.633452
-6.271947
-3.944109
-3.591168
-2.669558
-2.337074
-2.175784
0.400133
1.312055
0.986402
0.682507
-2.218623
-4.194753
-3.941886
-6.343355
-6.208822
-7.205329
-9.334845
-8.956953
-9.193038
-9.820829
-8.471843
-7.556622
-6.578180
-6.002339
-3.984039
-4.789188
-3.263274
-0.950210
1.374919
0.408395
1.120788
0.073488
-2.685143
-5.491049
-4.941743
-4.931669
-5.884213
-8.203671
-7.438875
-7.844801
-8.188174
-5.603371
-4.879434
-3.862771
-2.933465
-3.003856
-1.656273
-1.911741
1.432122
2.348466
1.931615
2.957056
1.757030
-2.588378
-4.297600
-4.325128
-5.166492
-7.174765
-7.590080
-8.635928
-8.789690
-8.003006
-6.491084
-5.844164
-5.002920
-3.624046
-3.860125
-3.366809
-2.255680
0.752921
2.809903
2.680583
2.646548
-2.843603
-3.603707
-4.914171
-5.201334
-8.232256
-7.302923
-8.830398
-7.669031
-9.262137
-7.482316
-6.717120
-5.654454
-4.227106
-4.462634
-3.915882
-2.268563
-0.552502
-0.724695
1.171169
2.131237
2.070015
0.664582
-0.563876
-1.954910
-4.415136
-4.553851
-5.281522
-6.671243
-8.049209
-6.636872
-8.271351
-7.879267
-6.513598
-4.901797
-4.280087
-3.690645
-2.830368
-2.578677
-2.238806
0.378264
1.295188
1.021485
-0.325162
-2.401078
-3.299835
-4.910217
-4.619670
-6.013622
-6.502263
-8.641155
-8.328664
-8.444453
-8.216531
-6.211293
-5.015980
-5.059110
-3.584836
-3.573009
-3.355923
-1.626535
2.781351
3.999744
3.510480
4.206839
1.691792
-1.875212
-3.222972
-3.976062
-4.287719
-6.230333
-7.182345
-7.271521
-7.528283
-7.777416
-5.183105
-4.466463
-3.169841
-3.273433
-2.743950
-2.719202
0.146974
1.101177
1.724010
0.279010
-0.631222
-2.254496
-3.222547
-4.798180
-5.320359
-6.026960
-7.505281
-9.223546
-8.900123
-8.933324
-9.639373
-6.497460
-5.622376
-5.271960
-3.556777
-3.656530
-3.605814
-2.172955
-0.107536
0.638128
1.993489
2.268465
1.375553
-1.019902
-2.402920
-3.924614
-4.182835
-6.086371
-5.880261
