二维采样长度为：0.800000 mm；采样间隔为：0.005000 mm；采样段数为：5；数据点数为：800。具体数据如下所示：
0.000000
3.398568
3.069863
4.068900
2.714169
5.696021
6.340225
8.299379
9.360298
8.707470
7.344335
6.042440
4.074574
3.391864
2.022644
1.091382
0.088847
0.758087
-0.582207
1.408551
1.782571
2.730159
4.409559
4.073890
4.687528
5.663754
8.007247
8.707283
9.053606
8.665336
8.366335
5.392188
4.753400
4.114150
2.052278
1.073980
0.989533
-1.563594
0.408186
-0.891023
1.049849
1.680781
2.394902
4.052014
4.316155
4.405234
5.033339
8.054563
9.065313
9.341133
5.057843
3.383126
3.039509
1.746821
0.414110
0.064428
-0.919249
-3.332342
-2.220392
-2.902683
-2.562806
-0.615861
0.403389
1.417154
1.766235
3.080929
3.050456
4.728652
6.761165
8.029293
9.685263
9.688652
9.295241
7.032581
5.383346
5.658591
3.727249
3.075096
2.077005
1.086300
1.687375
0.419028
3.067503
3.655218
4.727541
5.702441
6.061111
6.396730
7.065816
8.984063
9.374739
6.058722
3.384772
1.795144
2.396774
-0.234420
0.413403
-2.215628
-3.897641
-2.564403
-3.559443
-3.557284
-1.313987
-1.548480
0.426778
2.073139
1.362936
2.634318
2.090539
5.795599
6.072170
8.675876
8.056638
7.375169
7.092343
4.721989
5.335135
2.750638
2.407008
1.756708
1.083695
1.395003
3.054640
4.379168
5.031929
5.407560
6.382664
6.348098
7.046665
8.443543
8.695111
7.355756
5.365799
3.068978
2.038366
1.069562
1.057869
-0.225959
-2.212740
-3.282271
-3.469266
-3.228434
-3.579798
-1.881549
-0.867657
0.026458
1.091452
1.433608
1.711667
3.124096
5.310302
7.364770
7.777705
8.923541
7.333466
5.772361
4.137891
3.396714
2.086347
1.833716
-0.432843
0.759713
0.127426
1.047606
2.775979
3.425160
4.738710
5.738397
5.086546
6.407908
8.384913
10.380991
10.343480
10.489879
6.330494
3.058131
3.719767
1.394479
0.744639
0.734528
-2.215445
0.038942
-1.041279
0.788006
0.746228
1.406368
3.032751
2.905738
4.060352
4.702835
6.027388
9.323961
10.368288
11.042916
10.381086
6.376786
4.956320
4.111515
3.425608
2.011262
0.450376
0.423122
0.404538
0.736861
1.799125
3.731690
4.009591
5.450009
5.401139
6.430069
7.678176
10.359912
11.014332
11.025230
8.089661
3.104534
4.046025
2.727408
2.052844
0.394394
-1.909914
-1.912227
-1.236971
-1.220193
0.087782
1.094620
2.626684
2.669985
4.029424
3.714206
5.455805
7.632760
8.676898
8.679492
6.641215
4.054713
3.162956
2.075432
1.088210
-0.568306
-1.531907
-1.609342
-1.246549
-1.563735
-0.272435
1.742300
2.111938
2.727269
3.085836
4.045101
6.057433
7.225161
9.353688
9.678916
10.344552
9.371463
6.113309
4.704782
3.338785
2.433637
1.710793
-0.224553
-1.227764
0.100683
-1.593425
1.464167
2.713947
2.958696
4.715072
5.026700
4.706434
5.719274
6.666468
9.361202
8.736030
8.704565
7.039611
4.058263
4.719479
1.079558
1.390857
0.736136
-1.266682
0.436229
-1.563044
0.719238
2.070973
2.053304
4.700461
4.405631
3.405282
5.659384
7.338626
10.022562
10.403977
9.749954
8.050558
5.728030
4.406351
3.740448
2.759007
1.713604
0.078818
0.355484
0.391545
1.069009
2.078018
3.411744
4.693573
4.714207
5.289751
5.610445
7.996255
9.021875
10.012149
8.270410
4.724704
4.061655
2.423481
2.082582
0.764236
0.015822
-0.922609
-0.938459
-1.563312
0.430042
0.436166
2.362759
3.245972
3.701083
5.052689
7.998691
9.736160
9.715388
10.698591
8.268887
6.376930
4.399222
4.099199
3.054824
2.411739
0.406755
-0.906956
-0.588845
-1.553453
-0.718348
0.347414
2.341643
2.410525
3.080349
4.159796
3.719163
5.031202
6.918605
8.312003
10.585888
10.701113
10.032092
7.289799
3.400651
4.699175
3.398654
0.101406
-0.264665
-1.220322
0.427365
-0.968352
1.435532
1.742771
2.066886
4.692816
3.706928
5.035296
5.324781
6.625896
9.378565
10.364531
8.028592
4.365867
4.337773
2.086934
2.089625
1.429249
0.412956
-0.950353
-1.505293
-1.221497
-0.910722
0.731243
2.368581
2.036738
3.420865
4.032801
3.660210
5.697573
7.045990
9.745134
10.109900
10.770125
7.012537
6.724081
3.734757
4.076972
2.399010
1.761084
0.102066
0.737345
0.063265
1.317582
2.425111
3.756902
4.353240
4.981999
5.374373
6.435742
7.352369
9.073991
10.672674
8.708473
7.391294
3.402892
4.060854
2.678992
1.077408
0.796400
-2.571605
-1.250456
-1.344727
-1.595607
0.067372
0.716454
2.070106
3.145838
3.385363
3.405946
4.410736
7.052406
8.367483
10.036692
10.360608
8.699178
6.052877
4.729433
4.037073
3.067891
2.740732
0.411260
2.035876
1.110473
1.746382
3.395936
5.373419
5.054470
5.379651
6.387890
6.999765
7.669012
10.353406
10.700506
10.014789
7.020622
5.381634
5.006762
1.749339
2.398858
0.725857
-0.625509
-0.889309
-1.271173
-2.291373
1.075533
2.070214
2.734131
2.788871
3.729120
3.969610
4.379354
8.355803
8.681851
10.325205
10.750292
9.691794
7.685093
4.729329
4.734301
3.390519
3.051701
0.084935
1.749292
0.769494
1.064479
3.098790
3.734185
4.742107
5.373823
5.726111
6.639308
9.364361
13.336948
12.007745
11.727610
8.690457
5.372289
5.053703
2.410730
3.024792
0.769454
0.151675
-1.230748
-0.574570
-0.897748
0.682579
1.111788
2.082372
3.743874
3.413742
4.059384
4.377747
4.382906
5.426044
5.393970
6.729294
5.398360
4.703046
3.068297
3.080534
2.416755
1.394324
-1.562151
0.147575
0.419417
-0.586454
2.045237
2.078035
2.083493
3.365754
4.379223
4.706711
5.459725
9.009016
10.067839
10.019867
8.047089
5.089228
3.703859
4.402557
3.702218
0.406422
0.746427
0.061991
-1.581086
-1.265245
-1.547951
1.121751
2.744169
3.000936
4.393592
4.041399
4.072959
5.659594
8.390480
9.272243
10.930334
10.774487
8.699187
6.730577
4.715444
5.041165
2.749522
2.075598
1.398289
0.464441
-0.244488
2.390877
2.063997
5.417451
4.646751
5.060347
6.038463
6.059725
9.688727
9.686254
9.706627
9.620792
8.974077
6.032184
5.391388
4.406114
3.676687
2.401236
0.088521
1.111055
1.073478
0.443332
2.382834
4.131299
4.396536
4.746905
6.051467
5.695707
7.421907
9.218762
9.393911
8.704450
7.312422
6.051643
5.756632
3.985085
3.894192
2.467346
1.688852
0.441218
1.338945
0.356382
2.098818
2.733898
4.043830
5.026482
5.720453
5.701274
6.061055
8.686019
10.047599
11.338081
11.365562
11.361630
8.347372
7.056032
5.347251
5.053585
4.106440
1.034882
2.406826
2.710861
1.746981
4.455025
5.708357
6.049843
6.630974
8.030292
6.722182
8.294892
11.992225
12.316569
12.320175
10.377181
6.380912
5.386830
3.732873
3.376739
0.771541
1.411436
-0.560301
0.410331
0.069505
1.078120
1.807617
3.676344
4.390839
5.363209
4.716984
7.385281
10.664960
11.341266
10.709782
11.667655
10.370886
9.691907
10.673388
10.702651
8.365118
5.691344
3.393591
3.783341
3.723719
4.730368
6.053776
7.373809
8.097106
9.064496
8.616948
9.374643
10.349603
12.687642
11.989850
12.041248
12.014185
11.601128
9.028474
4.994435
3.450101
3.048382
1.727007
-0.585375
0.753661
0.163185
0.743519
2.029034
3.743920
4.106226
5.101559
5.387330
5.091431
9.003834
9.949931
11.354261
11.362921
11.000539
11.028007
9.090649
7.691946
6.705631
4.830590
4.371692
3.775898
1.417447
3.384581
1.389252
3.387045
5.383025
5.736596
7.068683
7.119970
7.753310
9.646765
10.690231
10.999846
11.067384
11.365218
11.047205
9.755949
6.395616
6.396682
4.703715
4.435667
2.650248
2.389468
0.756012
1.085402
0.788114
2.740577
3.389443
4.698360
5.298937
6.369935
6.105642
8.363033
10.316761
11.375399
10.681256
10.329536
6.710668
5.482726
3.722932
3.763750
1.738846
2.425180
-0.336742
1.140803
0.060857
0.076381
2.060421
3.074720
4.736975
4.641934
4.737037
5.350970
6.679061
9.692941
10.614536
10.408294
10.031428
10.332792
8.701361
5.042693
6.683361
4.443042
4.372359
1.416496
2.742480
2.755348
1.411263
4.788572
5.109747
6.605184
6.771229
7.410984
7.735744
9.018081
11.413143
11.015312
9.354141
7.990294
5.698779
5.709196
4.360853
3.057390
1.383790
2.131192
-0.660727
