二维采样长度为：0.800000 mm；采样间隔为：0.005000 mm；采样段数为：5；数据点数为：800。具体数据如下所示：
0.000000
-3.333626
-5.272682
-5.450157
-7.529833
-8.274140
-8.370520
-10.882089
-10.900964
-11.548665
-11.996258
-11.328974
-9.678361
-8.733798
-7.907098
-7.534644
-6.442322
-6.594531
-5.480424
-2.527060
-0.605890
0.385950
-0.079622
-3.220643
-4.477234
-6.215155
-6.648697
-8.447727
-9.114750
-11.249535
-10.182184
-10.639082
-10.163593
-8.517946
-6.943593
-5.752197
-5.941069
-5.957892
-4.602055
-3.382402
-1.400981
0.013013
-0.619471
-1.278685
-3.958257
-4.303122
-5.842105
-6.572257
-7.609738
-8.173618
-10.325710
-9.888605
-9.847441
-8.578802
-8.215909
-6.460014
-5.765144
-5.205252
-4.906799
-4.334345
-3.519608
-0.752998
1.441903
0.389901
0.368547
-3.329189
-5.620076
-7.609961
-7.483724
-8.372523
-9.906949
-11.257381
-11.464225
-11.563495
-9.933871
-9.521149
-8.902834
-7.718341
-6.921769
-6.582579
-6.288129
-6.240581
-3.022918
-1.594009
-1.021818
-2.573629
-1.959107
-3.001844
-4.199595
-6.998867
-6.910476
-8.325115
-9.554976
-10.267860
-9.776585
-10.275871
-8.564769
-8.259121
-6.830516
-5.950516
-5.215253
-5.269576
-4.273445
-1.987553
-1.562967
-0.587633
-0.330156
-1.239388
-5.927579
-8.634603
-9.270309
-11.182702
-11.891674
-12.920939
-11.924499
-13.262413
-10.899782
-9.966130
-9.239076
-7.626727
-8.009539
-7.618307
-4.642798
-0.622380
-0.937600
-0.332355
-0.900569
-3.632819
-4.723853
-6.386027
-7.268442
-8.560227
-9.581829
-10.585574
-9.340098
-10.608351
-8.587673
-8.192698
-6.581144
-4.994160
-5.561960
-4.947278
-4.616961
-2.994149
-1.428737
0.472918
0.258084
-1.014958
-3.605406
-6.439744
-8.585413
-8.879080
-10.519770
-11.513579
-11.900553
-11.544165
-12.544262
-10.421818
-9.962852
-8.472488
-7.913733
-7.083749
-6.344640
-6.087734
-3.601212
-1.743548
-0.628981
0.169623
-0.793095
-1.647617
-5.300308
-7.193929
-7.628631
-8.929387
-11.760227
-10.188382
-10.751829
-11.917712
-8.957286
-7.674329
-6.281719
-6.865643
-5.560731
-5.589173
-3.642166
-0.972127
-0.860576
-0.931318
-1.732936
-5.489055
-5.165237
-7.255113
-8.005860
-8.199500
-9.488651
-12.172896
-10.884442
-12.082292
-9.956626
-9.489025
-7.973028
-7.013691
-6.500630
-5.973292
-5.931261
-3.600119
-1.979727
-0.675979
-0.562139
-0.696991
-4.545433
-5.182307
-7.595192
-7.177904
-7.757236
-8.382733
-10.705660
-9.626705
-10.350135
-10.334471
-9.598012
-7.247398
-6.501202
-4.972217
-5.581453
-5.247949
-2.602845
-1.169780
-0.539442
-0.316516
-0.302746
-3.365839
-5.590571
-6.222370
-7.883635
-7.984998
-9.285979
-10.823500
-10.566923
-11.199323
-10.687662
-9.205895
-7.952134
-6.977614
-6.209301
-5.918606
-6.233262
-4.829891
-2.699658
-0.657128
-1.300742
-1.235165
-3.929213
-5.592622
-6.940521
-7.275334
-9.417932
-9.148770
-11.617609
-10.510053
-10.942713
-9.974539
-8.969326
-7.579289
-6.581984
-5.601932
-5.972942
-5.192366
-2.936137
-2.000332
-1.272394
-1.669765
-1.517263
-5.533683
-5.334791
-5.529353
-6.580555
-8.888013
-7.847424
-10.619280
-9.622102
-9.820590
-8.818790
-7.816917
-6.628355
-5.891305
-5.141081
-5.194884
-4.372069
-3.058050
-1.792129
-1.323538
-1.228392
-1.185836
-4.204684
-5.478549
-7.033100
-6.952076
-8.742884
-9.156528
-11.223811
-10.470449
-10.832785
-9.911933
-9.254209
-7.430051
-6.303217
-6.340368
-5.416415
-5.322601
-2.926137
-1.662840
-1.966689
-1.733810
-2.422620
-4.466591
-4.957494
-6.512026
-7.231648
-8.830061
-8.959309
-11.484545
-10.252304
-10.893307
-9.371293
-8.296017
-7.584039
-6.478095
-7.622156
-7.494495
-5.445679
-3.670959
-1.724699
-2.290093
-1.643512
-1.543127
-3.288494
-5.968386
-9.208290
-9.592676
-10.867311
-11.585015
-12.845940
-12.242930
-12.796972
-11.897165
-10.973212
-9.418647
-8.854762
-8.261831
-7.886668
-7.620957
-6.597298
-3.732741
-2.980391
-2.026782
-2.550690
-2.977027
-4.547352
-4.824847
-6.128815
-6.549616
-8.012926
-10.555209
-9.528993
-9.815380
-10.159889
-8.479224
-8.158082
-6.659663
-5.796895
-5.328051
-4.833643
-4.822065
-2.786959
-1.350253
-1.356284
-1.535838
-3.586541
-5.878383
-6.112810
-6.850014
-7.669906
-9.125283
-9.849502
-11.588097
-10.909809
-11.825385
-11.252619
-9.586311
-8.782824
-8.160295
-6.783474
-6.550707
-6.285448
-1.805180
-0.100834
0.127745
-0.520498
-1.345207
-1.597451
-4.842943
-6.584504
-7.918357
-9.794023
-9.283496
-10.526144
-13.456692
-11.400969
-12.486391
-11.248440
-10.463793
-8.876811
-8.053175
-7.642583
-7.165882
-7.363326
-5.641673
-3.355414
-1.817146
-0.309794
-0.487137
-0.901428
-5.934420
-8.592042
-7.199394
-8.903539
-9.240255
-11.601923
-10.860753
-11.588542
-10.564848
-9.241408
-7.565492
-7.479417
-6.183785
-5.974018
-6.217663
-4.033283
-3.003402
-1.460324
-0.741023
-1.622936
-5.585677
-7.283248
-9.189917
-8.914102
-11.177515
-11.242755
-13.179243
-12.156824
-12.868821
-11.256974
-10.838395
-9.549880
-8.214178
-7.917168
-7.887206
-6.906904
-4.391750
-3.232757
-2.630284
-1.617796
-1.924128
-2.302334
-2.921751
-5.725621
-5.681143
-7.601734
-8.449580
-8.815323
-8.958294
-8.951105
-9.196712
-7.238553
-6.521029
-4.918498
-4.426065
-3.224591
-3.456019
-3.083935
-2.281791
-2.667818
-3.957347
-5.279728
-7.894953
-8.565009
-9.908182
-10.275231
-11.492285
-12.221859
-14.123698
-13.350934
-13.926821
-13.308221
-10.670229
-10.543127
-9.325895
-9.187630
-8.938440
-8.525592
-7.207160
-4.497132
-3.886838
-1.875763
-2.274346
-2.566795
-3.164299
-3.513968
-5.594161
-5.706826
-7.867594
-7.930280
-9.876391
-9.220365
-10.236554
-9.151237
-8.275283
-6.450651
-4.967641
-4.614308
-4.823831
-3.647825
-1.921492
-0.253323
-0.241237
0.026158
-1.553131
-5.297671
-8.225116
-8.617219
-9.608557
-11.111710
-11.837994
-11.223785
-12.244807
-12.130758
-11.988896
-10.658105
-9.232720
-7.534458
-6.985335
-7.392301
-5.183253
-3.620714
-1.308582
-1.509059
-1.296457
-2.209417
-5.192910
-5.991162
-6.911521
-7.945796
-9.194959
-10.952903
-10.386471
-10.844896
-11.097084
-8.790471
-7.211945
-7.028087
-6.509976
-5.642693
-5.828081
-4.337692
-1.749156
-0.355778
-1.035039
-0.314853
-2.004005
-4.084781
-6.644280
-8.027744
-7.207181
-8.902593
-11.432426
-10.264741
-10.466480
-10.272176
-8.856966
-7.328270
-5.955179
-5.394594
-5.371979
-4.940576
-2.958868
-1.239757
-1.243393
-3.200506
-3.944463
-6.285938
-5.943259
-7.102286
-7.826997
-10.565410
-12.129570
-10.760206
-10.690970
-12.033536
-9.751270
-7.955204
-7.566810
-6.366085
-6.140216
-6.136549
-4.907661
-2.734020
-0.240593
0.300160
-0.652654
0.315542
-3.351173
-4.254713
-6.258281
-6.059564
-7.257356
-9.836945
-8.647758
-9.303296
-9.444819
-8.332085
-5.917459
-5.311738
-4.558784
-3.914142
-3.280477
-1.997831
0.350150
1.398685
-0.280769
0.270598
-6.261640
-4.595497
-7.795940
-7.017415
-8.872458
-9.594379
-10.877753
-10.610648
-10.525436
-9.950949
-9.922687
-7.589701
-6.923226
-5.584399
-5.929007
-5.802849
-4.282927
-2.631557
-0.601704
-1.020710
0.291121
-0.900407
-3.918205
-5.139335
-5.587443
-7.605801
-7.843517
-9.959034
-8.926067
-9.092593
-8.588076
-7.372378
-5.952693
-5.499789
-4.839799
-5.281639
-3.840842
-1.608976
-0.563319
0.347657
0.411242
-1.592160
-5.010554
-5.743705
-6.478868
-7.240156
-9.333913
-10.595159
-10.533494
-10.203120
-10.816589
-9.360722
-7.257109
-6.950973
-6.512466
-5.482018
-5.909619
-3.374953
-1.692164
-1.667337
0.240815
0.777417
-0.658494
-3.560395
-5.226000
-5.450401
-6.890269
-8.030503
-8.675717
-8.111648
-8.851822
-7.914056
-6.878018
-5.740507
-4.414694
-3.906941
-3.991897
-3.205333
-1.905495
-1.317458
-0.023530
0.088787
-3.011343
-5.251776
-6.010109
-6.521321
-7.532595
-8.561750
-9.192950
-11.006093
-10.763519
-11.230061
-11.328866
-9.517252
-8.433942
-7.052517
-6.936776
-6.010037
-6.222214
-5.481072
-3.262349
-1.626400
-0.937566
-0.949612
0.311870
-0.208925
-4.628504
-5.346680
-6.554779
-8.536116
-7.937151
-10.308927
-9.559449
-9.624818
-10.045023
-8.085608
-7.103699
-5.348266
-5.257080
-4.637672
-4.641580
-3.576543
-0.996563
-0.341818
-0.336735
-0.642579
-0.295470
-0.397965
-4.616901
-5.657097
-6.870347
-7.514837
-9.569339
-9.111594
-10.841232
-9.599923
-7.597310
-6.915610
-5.679864
-4.782356
-4.874825
-4.284637
-3.298837
-0.557180
-0.968845
-1.193342
-2.409527
-5.502239
-5.622637
-6.841446
-7.468532
-9.215181
-10.571055
-10.804347
-10.596747
-10.593598
-9.264069
-7.830754
-7.515209
-6.338458
-5.484207
-5.895482
-4.930347
-2.355139
-1.011076
0.028951
0.080436
0.353542
-1.622277


