二维采样长度为：0.800000 mm；采样间隔为：0.005000 mm；采样段数为：5；数据点数为：800。具体数据如下所示：
0.000000
0.960695
2.009628
3.022957
2.733802
3.865142
2.373602
-0.026339
-0.178869
-1.601609
-2.661898
-4.546720
-4.604997
-6.291025
-5.545375
-5.651140
-4.784723
-4.024473
-2.669409
-1.355724
-1.619801
-1.023815
0.165428
2.002369
1.887673
4.079695
5.944417
2.385950
0.000945
-0.065143
-1.960742
-1.859690
-3.918650
-5.339612
-5.768218
-5.063266
-5.970758
-4.235051
-3.768970
-2.165513
-1.281188
-0.928414
-0.347959
0.066621
1.603861
3.485688
5.112772
5.125269
4.690247
3.667686
-1.127942
-1.947868
-2.618537
-4.922663
-4.238324
-6.230443
-5.662584
-5.987551
-5.370383
-4.814537
-3.064219
-1.695396
-0.827102
-0.713095
-0.321126
2.464135
3.068265
2.971272
1.729169
-1.938132
-1.673930
-3.962358
-4.280001
-5.328353
-6.309604
-7.605874
-7.242438
-7.648637
-6.724472
-5.896148
-4.025494
-3.692822
-2.850631
-2.306103
-1.898838
-0.694614
1.316452
2.659476
3.820107
3.648395
4.082162
2.713940
0.672593
0.363312
-1.250691
-2.696687
-3.969289
-2.693767
-4.275427
-1.588721
-1.618310
-1.167878
0.708860
1.056306
1.815095
2.895865
4.960141
5.330758
4.924656
4.698402
1.137408
-1.283436
-1.494020
-3.831943
-4.283767
-5.906970
-6.448743
-5.613672
-6.500944
-4.752073
-3.654263
-2.591833
-1.441097
-1.309086
0.338149
3.586990
4.981188
4.665591
4.683728
4.286267
1.041689
0.526466
-0.842606
-1.884175
-2.638299
-3.168165
-5.279058
-4.564242
-4.950656
-3.601212
-2.971299
-1.649642
-0.602474
-0.166954
0.380021
0.730500
3.441487
4.150624
4.996289
4.290129
1.450957
-0.346008
-1.287354
-2.551128
-2.677627
-4.939343
-4.998655
-6.730137
-5.751626
-6.490397
-4.712972
-3.761186
-2.379084
-1.587182
-1.040503
-1.094071
-0.090984
2.376264
4.024909
4.321428
4.676363
1.858108
0.428489
-0.020673
-2.333396
-1.999240
-4.549774
-3.595744
-4.289376
-2.429011
-1.981115
-0.580755
-0.320101
0.551433
1.042852
1.442082
3.995455
4.263102
4.291306
3.194347
1.335278
0.321314
-1.537868
-1.615710
-2.652811
-3.649948
-5.596081
-4.889767
-5.229024
-5.180113
-3.798281
-2.265429
-1.592112
-0.384628
-0.577058
0.420216
0.660264
3.656473
4.179337
4.946487
5.137890
3.075659
1.040195
-0.408124
-0.860132
-1.851719
-3.023396
-4.939992
-4.536784
-4.467004
-4.133726
-3.474742
-1.157720
-0.309921
0.640080
1.023578
1.396287
3.624905
4.639714
4.256971
3.303031
1.404439
-0.217363
-0.940186
-1.954728
-2.956190
-4.318528
-4.697273
-5.968736
-5.317697
-5.839329
-4.575892
-2.336628
-2.539900
-1.015775
-0.616116
-1.335898
0.667448
2.486894
3.884060
3.059626
1.063171
0.270011
-0.362010
-1.138212
-1.796790
-4.053946
-4.185406
-5.930382
-5.836673
-4.866050
-4.015736
-2.938109
-1.350127
-1.300018
-0.928157
-0.736002
1.062563
2.720874
4.858348
5.942763
7.149217
4.818240
2.063702
1.156897
0.035938
0.121035
-2.034558
-3.274223
-3.327887
-3.878356
-3.972448
-2.533688
-0.655449
-0.060332
0.215022
1.184320
0.879323
2.347740
4.217089
6.133446
5.982360
2.787983
0.026485
-0.959521
-2.289348
-1.748060
-3.835921
-3.953250
-6.460476
-5.277006
-5.791623
-4.701796
-3.925318
-2.149916
-1.273266
-0.651579
3.342748
4.536510
5.117307
5.984854
5.692442
5.628592
4.820049
1.547821
0.104053
-1.055761
-1.700540
-3.075247
-5.248491
-4.490084
-4.671075
-4.595263
-2.677811
-1.428834
-1.039952
0.146711
0.674550
0.652992
1.449214
4.735693
5.063060
5.586210
3.357138
-0.070249
-0.034798
-1.957913
-2.137655
-3.171804
-4.086429
-5.964568
-5.233430
-5.721960
-4.927291
-4.299737
-2.616087
-1.662407
-0.761660
-0.308274
-0.178080
4.137307
4.770571
5.160492
2.860363
1.031165
0.419763
-0.686598
-1.556019
-2.315225
-3.675227
-5.487517
-5.267927
-4.956436
-5.510751
-4.841888
-3.607832
-1.976538
-0.506598
-0.357334
-0.578743
0.735457
2.890624
4.466721
6.324294
6.286938
5.644435
2.477661
-0.262414
-0.693096
-1.931319
-2.301706
-3.641001
-4.985623
-4.515181
-4.923356
-3.074094
-1.940332
-1.374735
-0.953064
0.269689
0.171497
0.434064
1.940741
4.771805
4.773514
4.256720
3.088867
-0.323666
-1.911912
-2.536713
-3.558998
-4.935929
-5.630792
-7.078687
-6.106066
-6.939245
-5.206441
-3.974912
-2.990549
-2.001620
-1.548547
-1.394704
-0.990505
1.365564
3.137730
3.803749
4.280909
4.156342
3.411884
3.043875
1.557871
0.437814
-0.646797
-0.869889
-2.641164
-2.607653
-2.602904
-2.182155
-0.934174
0.085122
0.620880
0.426850
0.890648
3.103995
4.085971
5.632586
4.701566
2.391719
0.603754
-0.724914
-1.038908
-2.247975
-3.229887
-4.352809
-5.920702
-6.347789
-5.813464
-6.351843
-5.979225
-5.141458
-4.537217
-3.587585
-2.612000
-2.019253
-0.182880
1.929550
3.611372
4.724514
5.596506
4.674514
3.073701
1.998868
1.385781
-0.319171
-0.997750
-2.943910
-2.625809
-2.893899
-2.933176
-0.843319
0.339818
1.259912
2.063560
2.143497
2.655014
4.870779
5.584835
5.940532
4.643504
-1.000986
-1.348459
-3.310048
-3.235496
-4.804518
-6.596015
-5.941404
-8.584023
-6.803057
-8.237418
-5.947416
-5.614211
-4.314802
-3.270915
-3.017185
-2.004315
-1.998079
0.627542
1.444647
3.270268
3.807168
3.333318
3.361628
0.359528
-0.353467
-0.296838
-2.386605
-2.960861
-5.200516
-3.975490
-4.640860
-4.282689
-2.311607
-1.570941
-0.305225
-0.043289
0.691118
1.035712
1.983696
4.315583
5.037971
5.116730
3.151896
-0.665270
-0.628610
-2.331847
-2.920880
-3.913199
-4.887782
-6.552089
-5.925406
-6.503492
-5.194060
-4.588723
-3.113428
-2.551685
-1.648601
-1.222878
-1.025922
0.780352
2.335743
4.063939
5.544340
3.664115
1.067141
-0.555299
-0.924975
-1.902853
-3.866017
-4.067966
-6.373757
-5.598130
-5.880401
-5.959164
-3.552574
-3.030397
-1.213482
-1.176956
-0.996381
-0.340253
1.345235
3.460486
4.198178
4.484396
3.952180
1.399019
0.212116
-1.614909
-1.501417
-3.585668
-3.269667
-5.281813
-5.225980
-4.515136
-3.342912
-2.988675
-1.284160
-1.079005
0.322158
-0.369167
1.277768
2.345260
3.338529
3.665304
4.322611
1.224992
-0.625616
-2.304543
-2.679050
-3.766387
-4.295305
-6.443528
-5.344096
-5.933424
-5.286443
-4.542557
-3.001732
-1.986823
-1.824535
-1.309866
-0.994896
0.593594
2.662055
3.813888
4.892121
5.254077
5.209319
2.341040
1.028885
0.584768
-0.716038
-1.910025
-3.885573
-3.337033
-3.024150
-3.700572
-1.599097
-0.704208
0.816024
1.397488
1.744798
2.026996
3.189136
5.634467
6.960056
6.513215
6.351414
5.251502
1.341153
-2.503852
-2.286307
-3.788291
-4.673526
-6.277994
-5.935889
-6.187596
-4.696821
-4.464802
-2.702738
-2.046890
-2.558521
-1.285391
-0.296388
1.583933
3.672174
4.979629
6.043926
5.674455
2.372315
0.738724
-1.312186
-2.549336
-3.016328
-4.225688
-5.175123
-4.950997
-5.210361
-3.967668
-2.251567
-1.864453
-0.565461
-0.078835
-0.150433
0.167977
3.832233
5.489065
5.941530
5.003680
3.296494
-0.035020
-0.495236
-1.313351
-2.502325
-3.807215
-5.525651
-5.253193
-5.543156
-5.606395
-3.736805
-2.658288
-1.787894
-0.880586
-0.497506
-0.329782
1.743980
3.152460
4.354050
3.731168
2.325989
-0.083940
-1.003098
-1.496306
-2.950860
-3.425286
-4.860990
-6.968535
-6.133315
-6.179016
-6.637352
-5.004969
-2.987341
-1.656970
-1.868277
-1.271191
-1.854124
-0.192988
1.370286
3.699961
4.899122
5.747443
4.947675
4.346859
1.751794
1.184601
-0.013380
-1.035448
-2.405860
-3.086982
-4.635812
-3.589352
-4.122393
-3.083020
-2.268790
-0.796645
-0.042180
0.764119
0.322762
0.458409
3.339454
4.334065
5.543015
4.204540
1.342175
-0.421990
-0.913116
-2.291962
-3.281107
-4.293110
-4.553780
-6.487972
-5.651233
-6.248595
-5.496319
-4.642264
-3.252561
-2.326698
-1.641376
-1.064680
-0.663254
1.368041
3.011698
4.301204
4.773275
5.532766
4.766259
2.670786
-0.444657
0.016766
-2.107990
-2.159424
-3.373064
-2.686370
-3.299502
-2.944127
-1.420977
0.224727
0.967331
1.132202
1.352359
1.874073
3.312930
4.906364
4.608114
2.956927
0.691795
-1.024729
-1.326117
-2.683471
-3.157804
-4.771353
-5.334498
-6.963014
-6.600183
-6.789715
-6.474924
-4.964299
-3.475979
-2.915960
-2.466376
-1.988306
-2.213833
-0.539663
2.294065
3.101793
4.967719
4.746356
4.258928
2.780759
1.710159
0.579520
-0.413867
