二维采样长度为：0.800000 mm；采样间隔为：0.005000 mm；采样段数为：5；数据点数为：800。具体数据如下所示：
0.000000
-0.074162
1.751967
1.165930
0.108161
-1.383190
-1.993470
-2.960624
-3.174487
-4.401626
-5.652899
-5.952219
-4.647505
-4.220405
-3.505762
-2.807622
-3.168256
-3.903594
-4.151934
-3.499101
-2.849171
-1.543306
0.022771
-0.367159
0.669529
1.340480
1.497888
-0.840371
-1.502090
-1.694735
-4.195665
-4.953334
-4.250243
-3.427959
-3.311814
-2.488713
-1.602947
-2.992626
-3.327660
-2.803886
-3.191892
-1.714805
0.156667
0.359747
0.676166
1.552824
2.407628
0.291855
-0.685981
-1.281058
-1.093972
-2.658938
-3.727452
-4.573592
-3.030944
-2.484700
-2.830227
-1.302915
-1.847451
-2.011048
-2.561356
-2.813698
-1.805699
-0.056222
0.886759
1.189190
1.770821
1.435479
0.235794
-0.485968
-1.950784
-2.001961
-3.159748
-4.010550
-4.339462
-3.935501
-2.804086
-3.170282
-1.986693
-1.829871
-2.855138
-2.518783
-2.626109
-1.611586
-0.677029
0.954784
0.922684
2.317486
2.043587
0.841461
0.559611
-1.027688
-0.996635
-1.295920
-3.660443
-3.656543
-4.275650
-2.582402
-2.720881
-1.879602
-1.038534
-2.273984
-1.846385
-1.970645
-2.304561
-0.994490
-0.942364
-0.017467
0.040702
-1.213911
-1.429864
-3.115847
-2.997425
-3.354807
-5.799558
-6.111523
-5.701431
-4.895913
-4.565853
-4.150858
-3.235993
-4.568088
-4.507674
-4.292862
-4.278028
-2.613210
-1.320920
-0.966514
0.083708
0.600635
1.112383
-0.230726
0.637065
0.225290
-0.996905
-3.027211
-3.773005
-3.408425
-2.325567
-2.579326
-1.542503
-1.187973
-1.951260
-2.328632
-1.960842
-1.808153
-0.498861
1.038449
1.322214
0.907927
0.002647
0.022484
-1.669543
-1.825728
-2.679586
-3.274737
-4.201692
-5.453235
-5.744606
-3.677352
-4.490151
-2.252170
-2.837589
-2.848084
-2.979571
-3.507689
-3.058620
-0.936913
-0.009056
0.636433
-0.247535
2.435355
1.997872
1.697686
1.305425
-0.508752
-1.581766
-2.585816
-3.921197
-2.358523
-1.684004
-1.954527
-0.897750
-0.924103
-1.275675
-1.968543
-0.981697
-0.936494
1.967074
1.942614
1.595241
1.533843
0.129597
-0.746205
-1.421346
-2.215146
-3.305383
-3.540329
-5.254940
-4.302183
-3.779590
-3.477632
-3.183134
-2.588595
-3.606785
-2.671709
-3.611182
-2.784613
-1.489640
0.332129
-0.237269
1.029353
1.680831
2.094904
-0.266126
-0.697585
-1.254004
-2.024793
-3.476524
-4.322079
-4.886401
-3.845903
-3.023193
-1.569947
-1.352920
-2.736093
-1.930849
-2.929349
-2.420880
-0.824891
0.224153
1.658176
1.018191
2.581666
1.733513
0.444183
-0.157946
-0.569475
-1.274599
-2.641229
-4.435511
-3.416173
-3.464120
-3.173652
-1.507709
-1.686037
-1.898561
-2.548424
-1.575963
-1.205940
-0.874747
1.024071
1.363626
1.950919
2.357278
2.132751
2.343152
2.433730
0.873938
-0.405932
0.161099
-1.912460
-3.219778
-1.592026
-1.782216
-1.313149
-0.230963
-0.171741
-0.570689
-0.935259
-0.597117
-1.067234
0.753007
3.067585
1.930992
3.685270
3.818524
3.090862
0.964201
1.058340
0.405725
-2.236059
-1.814092
-1.603350
-1.156320
-0.575803
0.178991
0.733303
-0.416420
-0.569105
-0.391846
0.080110
1.503434
2.650753
3.440936
1.337285
0.138629
0.589121
-0.940516
-2.199146
-2.133687
-2.619522
-3.301324
-5.122282
-5.701522
-3.900088
-3.676242
-2.324292
-2.644924
-1.882659
-1.778984
-3.257334
-3.171684
-3.145426
-0.804366
-0.919850
0.298657
1.240915
2.380992
1.333887
0.332695
0.030915
-0.678847
-2.447127
-3.177145
-2.296348
-1.199910
-1.504114
-0.387193
-0.336053
-0.994420
-1.371708
-1.421774
-0.582881
0.988360
2.742306
1.889489
0.450683
-0.116578
-0.345688
-1.206640
-2.329338
-2.606808
-3.842241
-4.891184
-5.542190
-4.444584
-4.134049
-3.784037
-2.913375
-2.511969
-3.414162
-3.441236
-3.388543
-3.206145
-1.342934
0.428862
-0.440085
1.298102
1.221382
1.661328
1.368005
1.096317
2.111297
0.090656
-1.938448
-2.155517
-1.687347
-1.248448
-1.332143
-0.326673
-0.232677
-0.494710
-0.519061
-0.465818
-0.401156
0.050655
2.454045
2.352513
2.398920
1.313037
0.351886
0.044739
-0.971101
-1.920215
-2.028998
-2.717757
-4.790509
-4.853053
-4.895663
-3.001937
-3.529946
-2.616887
-1.585038
-3.225133
-2.915831
-3.027003
-2.896215
-0.915756
0.245691
1.021587
0.010074
2.325774
2.023979
-0.396918
-1.332726
-2.053611
-2.877777
-4.009459
-4.694190
-3.358737
-3.072948
-3.297600
-1.691055
-1.371347
-2.357797
-2.270566
-2.640784
-2.057743
-0.927022
1.155320
0.749083
1.526243
2.657229
2.915969
1.080670
0.145727
-0.335049
-0.969457
-1.794734
-3.607925
-3.908013
-1.949266
-2.276258
-0.957888
-0.540787
-1.383022
-1.616116
-1.847896
-1.561944
-1.244876
0.560233
1.805904
1.448754
2.214006
1.109942
0.200267
-0.682303
-1.435743
-1.319062
-3.064830
-4.154893
-4.459005
-3.540762
-2.673883
-2.009534
-1.857860
-1.667079
-1.929701
-2.857646
-2.206367
-2.027568
0.258687
1.157972
0.710017
2.568088
2.615567
2.507708
1.882988
2.581807
1.358951
-0.895825
-1.221384
-1.146979
-0.208290
-0.227409
0.831542
1.808015
-0.081364
0.053445
-0.122008
0.756373
2.434390
3.007762
3.051250
1.082009
-0.378299
-0.030198
-0.903890
-1.953392
-2.198711
-3.157780
-4.577094
-5.152341
-5.872676
-3.553482
-4.287330
-3.044629
-3.086448
-3.770304
-2.945477
-3.949419
-3.108818
-1.630316
-0.702839
-0.228665
-0.879941
2.126274
1.256138
1.616415
1.523616
1.461077
0.755539
-0.630599
-2.210652
-2.790783
-1.940000
-0.949317
-1.727308
0.081333
-0.146343
-1.547246
-0.353273
-0.601308
0.095033
0.701090
2.715552
2.409990
2.655573
1.155316
0.741099
-0.142101
-1.112522
-1.238213
-1.824994
-3.919178
-4.270705
-3.284488
-2.876625
-2.837369
-1.397255
-0.576886
-2.285604
-2.470504
-3.065619
-1.682497
1.127396
1.309391
1.387954
1.896352
2.594081
3.007099
2.487625
1.436810
1.113661
0.716373
-1.688458
-1.658568
-2.483835
-0.185323
-0.622377
0.703033
1.035042
0.078699
0.194701
0.064449
-0.022375
2.486569
2.203617
4.199394
3.737223
4.019816
4.505970
2.396976
1.447072
1.200667
0.311421
-1.271061
-1.791125
-0.355375
0.018110
0.394947
1.522683
0.683913
0.808256
0.153200
-0.290236
1.971334
3.471883
4.223977
3.425963
3.567057
1.912649
2.337687
0.690088
0.071363
0.086005
-1.792356
-2.915186
-1.018754
-1.497668
-0.627671
-0.108267
0.257462
-0.580729
-0.810792
-0.378459
-0.172856
0.899952
2.668018
2.410510
3.879894
4.276243
4.703036
3.939960
3.342074
1.768500
1.522171
-0.799194
-1.130665
-0.379046
0.320953
0.250516
1.154324
1.148455
0.801646
0.444250
0.819959
1.196050
2.395327
4.352172
3.682453
2.181049
1.375673
0.478019
-0.157898
-0.868296
-0.734561
-2.292150
-3.602392
-4.273468
-3.441743
-2.057902
-2.613046
-0.634481
-0.908940
-2.218304
-1.286833
-2.628179
-1.456677
0.143060
1.332518
1.704388
2.335907
3.762724
2.943599
2.025602
3.074867
2.664023
2.266500
0.741093
-0.759042
1.172341
1.388779
0.841860
2.617063
1.764268
2.096833
0.362237
1.266545
2.074074
3.862705
4.201571
4.389795
2.704674
1.502269
1.717859
0.452314
-0.572399
-0.554087
-2.737464
-2.973971
-2.150973
-1.440984
-1.290417
-0.192856
0.051612
-1.182946
-0.756397
-0.856920
-0.712163
1.978296
2.694032
2.387678
3.235589
4.678323
3.993981
2.805139
1.875947
0.812416
-0.148683
-1.455763
0.040211
-0.014495
-0.229250
1.585804
1.294733
1.074988
0.816771
0.739522
1.550247
3.498505
4.586306
3.536166
3.763172
1.507753
1.167865
0.332711
-0.245252
-0.636478
-2.475685
-3.061498
-3.157001
-1.686984
-1.704000
-1.644291
-0.236540
-1.121147
-0.906614
-1.192327
-1.442246
-0.671464
0.922693
2.408639
2.129785
2.817503
4.509335
4.027262
2.649585
2.409093
1.679083
0.343888
-0.834406
0.317065
0.846373
0.469662
1.721103
2.255410
1.296680
1.363859
1.122914
1.633294
2.307443
3.827783
4.611565
4.467050
3.360957
2.485713
1.528927
1.014623
1.075468
-0.827143
-2.063387
-1.651252
-0.987950
-0.102370
0.323970
0.335208
0.755122
0.075986
-1.068017
-0.080582
1.734332
3.456231
2.962762
3.975126
2.968656
2.398805
1.443399
0.093222
0.613010
-0.871583
-2.027590
-2.869120
-2.127073
-1.223037
-1.485102
0.495469
-0.573021
-1.952987
-0.596221
-0.430586
0.058099
0.478594
2.950588
2.716184
3.522778
4.425941
4.601252
3.586697
