二维采样长度为：0.800000 mm；采样间隔为：0.005000 mm；采样段数为：5；数据点数为：800。具体数据如下所示：
0.000000
0.528669
-0.043323
2.408616
2.709279
3.403506
5.402060
4.073069
6.463695
4.461168
3.913600
6.150628
3.422242
2.532644
0.810523
1.291962
3.303494
2.971773
3.957621
4.053262
2.638056
3.579352
3.107135
3.114093
3.765950
5.697066
5.768592
5.368827
4.499588
3.013784
1.655860
1.556414
1.071408
0.452726
-1.112915
-1.913720
-0.867608
0.144601
-0.157495
1.411095
0.880584
0.446997
0.663754
0.087970
0.990586
1.904586
3.802372
3.389129
4.002720
5.746390
6.312273
5.035181
4.960426
4.731853
4.389108
1.449737
1.003012
0.646417
2.046530
2.062264
3.550364
3.006855
3.651066
3.278589
2.336433
3.059465
3.540949
5.534423
5.311083
6.109275
5.396980
4.974381
3.698070
3.226865
2.095094
1.960076
1.138273
-0.174778
-0.873790
0.312223
0.730548
0.569794
1.716152
1.681736
0.793060
1.641106
0.773582
1.485740
3.014607
3.007376
4.437970
5.263063
5.417500
6.136232
6.171505
4.984929
4.457928
3.024352
2.423617
0.954004
0.031818
2.213178
1.674176
3.488503
3.010214
2.715760
3.414291
1.671401
2.925158
2.832438
6.082497
5.690346
6.321011
6.228200
6.024776
6.191543
4.952435
3.841257
3.774066
3.001420
1.093083
0.684809
1.790034
2.581247
2.888156
3.511685
3.099400
3.455298
2.613179
2.439009
4.047711
5.751992
6.061324
5.953110
6.082127
5.068660
4.338059
3.632852
2.955418
2.100438
1.015724
0.131869
1.568481
2.985195
1.998505
3.654477
2.067309
1.966379
3.204162
2.383704
3.127261
4.387025
6.270916
5.636853
5.997384
6.714120
7.108765
6.440630
4.990916
4.009833
3.713512
2.333370
1.055267
2.409685
3.672172
3.616833
3.764160
3.311408
3.358303
2.985910
2.940268
3.690998
5.393889
6.528305
5.887780
6.197761
4.070334
3.721638
3.657071
2.684236
2.135373
1.580478
-0.850617
-0.484957
0.402227
-0.215896
1.521633
1.394272
2.077855
1.491090
1.138065
1.082416
1.207774
3.314472
5.098630
4.606457
6.344116
6.702081
6.576519
6.157065
5.883734
4.604080
3.694460
2.320742
1.789709
2.989167
3.020525
4.096427
4.579354
3.492533
3.985079
3.168355
4.261470
4.439455
6.155516
7.103611
6.957707
6.656084
5.151968
4.622449
3.096145
1.745531
2.109572
1.841073
-0.007269
-0.923182
0.103354
1.635702
1.661637
2.816524
2.198543
2.013136
1.724982
1.816389
2.462055
3.773746
4.005903
5.114779
5.457452
6.971735
6.023172
5.196134
4.771891
4.179865
3.492827
1.725918
1.487682
3.358792
2.447176
3.574786
4.077329
3.521157
2.443973
3.334076
3.503619
4.384082
6.820794
7.388185
7.604980
7.676610
7.061002
5.097479
3.309984
3.590132
3.076726
1.908004
0.932984
1.423344
3.101077
2.910048
4.325903
4.133847
3.416438
3.702203
2.874045
4.076225
5.050899
6.730149
6.397597
7.292506
7.122379
6.268567
5.020157
4.108330
3.535354
3.687327
2.393381
0.402276
0.789473
1.525606
2.581727
3.163837
3.217988
3.184622
2.822771
2.109615
2.687292
3.088027
5.153498
6.136836
5.962331
6.556050
7.414326
6.723612
6.432535
6.294396
4.815269
3.544758
2.514118
2.685657
4.231437
4.049270
5.152963
5.469168
4.197991
4.512317
4.329532
4.761079
6.253731
6.633833
7.322885
7.163391
6.119160
5.433418
4.398981
3.685795
2.988742
2.791357
1.201894
0.188490
1.463820
1.503440
1.946919
2.152630
3.300343
1.910955
2.256686
2.005324
2.473333
3.432853
5.370917
4.799389
7.084870
6.480534
6.329782
6.297715
4.598102
5.076389
3.242487
1.801301
2.002744
2.363452
3.789677
3.731302
3.852595
4.318423
3.720327
3.516070
3.140056
4.730042
7.011731
7.081370
6.915484
4.967262
3.659218
4.110025
2.898020
1.733254
2.063298
1.020909
-0.708809
-1.081688
-0.350653
0.204893
0.505922
1.108779
1.995992
0.418440
0.407086
0.727339
0.804099
1.083555
3.976065
3.989149
3.973354
5.969419
5.493791
5.257796
5.008860
5.373136
5.734808
4.289669
3.676009
2.428854
3.492061
3.574375
4.174956
4.738236
4.422216
3.690930
4.113606
3.968613
4.835018
6.808419
6.972522
7.392897
6.080830
4.879141
5.040079
3.335059
3.004596
3.032042
1.028259
0.457560
-0.172271
0.633987
1.947855
0.894886
2.992633
2.337343
1.821186
2.064471
1.832025
2.531694
3.712515
5.547341
4.803330
6.425049
6.819910
5.063755
5.208567
2.901111
1.995257
2.756826
0.141771
-0.242361
0.308279
1.062178
2.143674
2.129596
2.913403
2.148467
1.804791
2.018684
1.790666
2.399688
5.306069
4.781169
5.440341
6.944886
4.965602
3.968559
2.973327
3.217633
2.678676
0.757551
0.041204
-0.379320
1.580752
0.793826
2.456030
2.466701
1.689055
2.373567
1.538268
1.772330
3.699036
5.007760
5.514135
5.590133
5.531522
5.448753
4.357832
3.302957
2.630981
2.197256
0.797656
-0.059234
-0.537268
1.770211
0.924751
2.465259
1.958082
0.916464
1.767430
1.151291
1.718415
1.898565
4.771646
4.625172
4.778188
6.820180
5.358438
5.073958
3.928142
2.689501
3.152340
0.839369
0.028065
0.308200
1.095812
1.357922
2.683572
2.691519
2.304797
2.199416
1.495578
2.009358
3.211271
5.017130
5.644415
4.996269
6.016035
4.324037
3.653255
2.686665
1.977760
2.452603
0.048296
-0.630775
0.080705
0.529207
0.549137
2.281680
1.696459
1.384431
1.489754
0.763181
1.749522
1.330538
5.297417
3.982943
6.093969
6.532325
6.352574
6.605255
4.827467
3.760168
4.081030
0.675034
1.098436
0.240245
2.216452
2.016258
2.992974
3.565526
2.381861
2.649269
2.282545
2.497216
3.005882
5.943104
5.670246
5.743940
6.122173
3.742066
3.348248
2.295386
2.356326
0.899951
-0.316869
-0.524418
1.068924
0.864584
1.800401
2.122758
2.182069
2.126834
1.223701
1.707690
2.048050
3.990475
5.275921
5.289757
5.827961
7.496196
6.621614
6.350320
5.054635
3.498283
2.284676
1.338245
0.913115
3.218865
2.670692
3.365932
4.124693
2.697277
2.635135
3.131574
3.446656
5.336400
5.887508
6.812668
7.341877
7.089104
4.540157
4.830911
4.037488
3.432762
0.699950
0.309117
2.390113
2.856856
3.965260
3.860123
3.065812
3.289778
2.749357
2.941222
3.779225
5.974327
6.427557
5.803229
5.483311
3.742042
3.354505
3.033272
2.607838
0.775545
-0.066301
-0.373857
0.545787
1.770733
1.965694
2.590244
1.809640
1.652009
1.693387
1.745898
2.123189
4.915296
4.969487
5.291327
6.770851
7.104440
6.714993
5.640720
4.724678
4.424604
1.817727
1.768419
2.417966
3.327663
3.104872
4.038556
4.688538
3.867910
3.627871
3.668432
3.788823
5.662161
7.331788
6.439073
4.476041
4.367938
2.758755
2.048590
1.483434
1.002502
-0.171836
-1.307713
-0.246675
0.408082
-0.074265
0.802874
1.721794
1.021167
1.317630
1.104579
0.666301
3.461476
4.682016
4.628429
5.456824
5.700043
6.792785
5.336395
4.596597
3.330951
1.669352
0.944923
0.830007
2.110963
2.430313
2.700333
4.062308
2.485552
2.516152
2.800932
2.279903
5.157668
5.940128
5.463978
6.635289
4.801259
4.772115
2.820167
2.398835
2.154808
1.251216
-0.179918
-0.521757
0.065116
1.207286
0.784294
2.085241
2.129097
1.417075
1.223600
1.259678
1.430284
4.367533
5.334822
4.338111
5.983811
6.670179
6.262820
5.989842
6.092281
5.856941
3.763120
3.111099
2.162042
3.165197
4.060074
3.640400
4.557452
5.424771
4.108757
4.417798
4.377855
4.353056
5.049427
6.216291
4.736843
3.965007
3.330027
2.794464
1.693751
1.196758
1.021203
0.169490
-1.451269
-2.154754
-1.222740
-0.572212
-0.648148
0.521513
0.890316
0.334913
0.352280
-0.464152
0.660558
2.616151
3.581059
3.737155
3.736894
5.548838
5.787594
5.356158
5.176658
5.379516
5.135256
2.997898
1.732956
2.769479
2.932968
3.296900
3.685471
4.709308
3.144260
3.916368
3.176190
3.874439
5.774929
6.381353
6.942238
7.340570
5.053148
4.086570
3.664730
3.018015
3.108466
1.409670
0.391871
-0.765870
0.999320
1.303772
1.181118
2.154222
2.356412
1.843134
1.489339
2.233362
1.967935
4.626523
5.316918
5.409165
7.002543
