二维采样长度为：0.800000 mm；采样间隔为：0.005000 mm；采样段数为：5；数据点数为：800。具体数据如下所示：
0.000000
-1.584484
-3.191907
-3.297721
-2.579442
-3.996303
-4.537258
-5.333663
-4.974208
-5.144605
-4.503584
-4.293105
-3.608278
-4.431519
-4.475519
-4.480551
-4.655853
-3.461242
-1.430216
-1.296920
-0.979795
0.342081
0.427245
-0.195803
-0.259862
-1.409970
-2.497721
-3.310589
-3.639995
-4.161510
-3.781205
-2.926144
-2.832691
-1.953879
-2.142333
-2.481358
-2.338588
-2.468366
-1.796309
-0.517281
0.791647
0.491200
1.308449
1.684596
1.093340
-0.281550
-1.380204
-1.647999
-2.238587
-3.189924
-4.542214
-3.465002
-2.993245
-2.678644
-1.311468
-1.154190
-1.844884
-2.035144
-2.752932
-2.089863
-0.697321
1.017108
1.567930
0.171002
-1.054724
-0.968110
-1.413295
-2.910451
-2.537144
-2.965591
-5.974974
-7.325619
-6.171920
-4.545698
-4.271166
-3.651162
-4.176087
-4.508652
-4.023304
-3.972119
-3.861724
-2.996600
-1.149443
-0.928237
0.148444
0.784317
1.042665
0.602801
0.495613
0.082648
-2.509304
-3.305848
-2.850324
-1.902349
-2.043570
-1.520399
-0.823833
-1.401915
-0.907126
-0.991767
-0.943492
0.148923
2.279055
2.055545
0.261204
-0.830053
-1.785242
-2.763312
-2.905650
-3.435120
-4.914453
-5.686828
-5.258229
-4.192562
-4.169665
-3.409997
-2.877326
-4.016354
-4.178215
-4.233246
-3.503458
-2.307983
-0.836003
-1.041833
0.050277
1.091157
1.681302
0.696271
-0.350135
-1.160400
-2.960710
-3.931255
-3.596440
-2.962756
-2.309365
-0.941656
-0.930685
-1.172504
-0.952908
-1.169655
-1.961141
-0.779234
0.346379
1.422977
1.397813
0.943174
-0.248450
-0.530934
-2.028283
-2.549786
-2.947078
-4.515567
-4.477011
-4.496989
-3.333622
-3.169007
-2.218050
-2.230389
-2.270893
-1.274743
-1.945657
-1.890819
-0.532014
1.138068
0.455481
1.711902
1.732756
-0.511453
-0.865883
-2.646340
-2.844226
-3.550071
-4.721034
-4.120930
-3.434876
-3.517020
-1.601380
-1.569341
-2.870582
-1.898520
-2.435199
-2.202507
-0.149509
1.696910
1.024707
1.718667
1.492245
2.140292
1.649264
0.643518
0.811467
-1.984937
-1.494218
-1.787258
-0.948520
-1.829970
0.445209
0.425781
-0.626046
0.012327
0.079247
-0.635621
0.665680
2.111548
2.717827
2.834958
1.365162
-1.538182
-1.261882
-2.003490
-1.960566
-3.275414
-3.302634
-3.221873
-3.779843
-3.571247
-2.020117
-1.144859
-1.567809
-2.899490
-2.176351
-0.997527
-1.503014
-0.655362
0.123938
1.616608
2.667492
3.858928
3.032978
-0.317463
0.405650
-1.550905
-2.173461
-3.630571
-2.989754
-1.645663
-1.635308
-0.940057
-1.453824
-1.676510
-2.291673
-2.350639
-0.331418
-0.198814
0.081415
1.378064
-0.218118
-0.686305
-1.875099
-0.973174
-2.899647
-2.445194
-3.595510
-5.935514
-5.939145
-3.609056
-3.367829
-4.434968
-2.890649
-1.869911
-3.413650
-2.960432
-4.713303
-4.567457
-3.155407
-0.197919
-0.289273
0.676798
1.663324
1.324978
0.228381
0.785664
1.000467
0.331390
-0.638513
-0.550567
-0.041308
-1.556679
-1.873056
-1.203997
-2.142254
-1.914452
-2.309961
-2.235883
-0.940498
1.227995
1.241286
0.020552
-0.237713
-0.532947
-1.129828
-2.284853
-3.054618
-4.222201
-4.879943
-4.831419
-4.201685
-4.319433
-3.532962
-2.951850
-2.874127
-2.976096
-3.520222
-3.624634
-2.241528
0.150230
0.087307
0.333905
1.387844
1.727525
-0.203125
-0.993499
-1.524491
-2.261762
-3.190930
-3.091635
-2.593934
-2.417223
-1.423554
-1.261453
-1.989508
-1.821614
-1.937676
-1.353262
0.156675
1.742054
1.666138
2.989826
2.406454
1.314652
0.764342
-0.155390
-0.956766
-1.520298
-2.693902
-3.555947
-2.866739
-2.164609
-2.202431
-1.143258
-1.191361
-1.867343
-1.318199
-1.793955
-1.845088
-1.494978
1.144406
1.382275
1.697987
1.992589
-0.205031
-0.811978
-1.234365
-1.825852
-2.876855
-3.267527
-4.157004
-3.217098
-3.116799
-2.467417
-1.286829
-1.557922
-2.263992
-2.319710
-2.482680
-1.948613
-0.514973
0.997419
0.806215
1.802795
2.115069
2.957243
2.033980
0.738453
0.376904
-0.892639
-2.673003
-3.261652
-1.663807
-0.830449
-0.175407
0.835765
-0.346575
-1.295298
-1.507784
-0.916266
0.123926
1.392876
2.456969
2.191184
0.830486
0.005860
-0.859470
-1.335150
-1.982601
-1.832817
-3.345772
-4.716194
-5.123866
-3.505880
-3.518490
-3.779781
-2.558828
-2.661526
-3.002050
-2.950779
-3.147594
-1.993904
-0.641044
-0.219931
0.301956
2.264796
2.306086
0.971371
0.457773
-0.523180
-1.119201
-2.746256
-3.205057
-2.332004
-1.914444
-1.237764
-0.452252
-0.495765
-0.641833
-1.063668
-0.876089
-0.762300
0.102170
2.450877
0.662284
-0.686085
-1.130074
-2.465903
-2.765586
-3.037572
-3.827887
-4.862192
-5.588942
-5.907313
-5.212713
-4.954399
-3.043510
-3.828595
-4.768261
-4.767862
-4.595801
-3.024766
-1.975174
-1.313791
-1.429654
0.186205
1.147183
1.142083
0.122031
-0.154154
-0.496122
-3.245829
-3.445664
-3.617657
-2.855812
-1.499385
-1.529704
-0.502218
-1.872104
-1.996804
-2.146539
-0.933354
0.332693
2.105864
1.388037
0.674287
0.737993
-0.934485
-1.625607
-1.965952
-2.480286
-3.817017
-5.304110
-5.157092
-4.022711
-4.113507
-3.853709
-2.740585
-2.875338
-3.680725
-3.477549
-3.507987
-3.348222
-1.670601
0.092895
0.026882
0.076573
1.194372
1.511629
1.044512
1.193946
0.736762
-1.415855
-2.539645
-2.748235
-1.999504
-1.585703
-1.915027
-1.474860
-0.600828
-0.812010
-0.650955
-0.373061
-0.592184
0.015556
2.036425
2.810169
1.985260
0.145863
-1.006825
-2.199259
-2.419675
-2.602004
-4.461256
-5.165531
-4.964270
-3.630451
-3.589496
-3.344960
-2.631534
-3.264769
-2.727596
-2.852235
-2.770051
-2.609552
0.366115
0.455131
-0.873068
1.192415
1.263198
0.089980
0.162668
-0.296176
-1.530479
-2.965699
-3.521678
-1.585957
-1.903787
-2.529460
-1.781738
-2.006299
-1.954095
-1.146048
-1.585275
-2.570266
0.116962
0.852279
0.723075
3.347430
3.087590
-0.023208
-1.184939
-0.936079
-2.138943
-2.465187
-3.973772
-4.117230
-3.505846
-3.313843
-1.615578
-0.625230
-1.874692
-2.953441
-2.932648
-1.931709
0.760879
2.052417
2.439853
2.136587
-0.335549
-1.704043
-0.855611
-0.674001
-1.255716
-2.208702
-4.291193
-4.841553
-3.609235
-3.006317
-2.468455
-2.692066
-2.596455
-2.047523
-2.168131
-1.638556
-1.122798
-0.972360
0.140579
1.146112
2.446513
2.225873
1.179497
1.826749
2.016220
0.391719
-1.517592
-2.764470
-2.881345
-1.661795
-2.137288
-1.155356
-0.659638
-1.563798
-2.216563
-1.483696
-1.896076
-0.259738
1.865625
1.271672
0.786776
0.373895
-1.151938
-1.247083
-2.221451
-2.867311
-4.196407
-5.952542
-5.236152
-3.467989
-3.738299
-3.639774
-3.787046
-2.539195
-3.543407
-3.742953
-4.333003
-4.121575
-1.458613
-1.153267
-0.555068
0.605604
1.129607
0.119635
1.144642
-0.561241
-1.196916
-3.872933
-3.881005
-3.264789
-2.162345
-2.279314
-0.996796
-0.433420
-1.734558
-0.944508
-3.229521
-0.278666
0.133013
1.046362
1.400662
1.430625
0.179665
-0.546858
-1.836471
-2.299367
-2.307167
-2.891447
-5.315028
-5.849517
-3.243152
-2.290902
-2.539487
-2.520699
-3.189025
-2.630010
-3.636706
-2.856977
-2.024282
0.435553
0.356857
-0.525989
2.310884
1.758449
0.022588
-1.313038
-2.240543
-2.289481
-3.667734
-4.257158
-3.023386
-2.446653
-2.668355
-1.825939
-2.424613
-3.270330
-2.471576
-2.625362
-1.834159
-0.601764
0.185468
0.805819
0.749601
2.450108
3.303129
2.656214
0.807789
-0.216391
-1.811785
-2.957136
-3.133669
-2.240311
-0.941339
-1.328315
-1.169781
-1.292319
-1.548506
-1.450651
-2.219096
-1.169026
-0.479486
2.010855
2.120276
0.910167
0.349978
0.366097
-1.340387
-2.622073
-3.246145
-2.851721
-4.202364
-5.508001
-4.899699
-4.929364
-4.626853
-3.450628
-2.241982
-2.689774
-3.193412
-3.527257
-3.786372
-3.334927
-1.160358
0.309200
-0.343805
0.538137
1.368921
1.517957
1.714038
1.416635
1.622116
0.763524
0.128384
0.284364
0.240504
0.445937
0.322242
0.461608
0.503050
0.438119
0.355997
0.696438
3.178840
3.354379
1.334430
0.810303
0.701630
-0.152178
-1.741130
-2.883626
-3.643965
-3.575261
-4.605686
-5.468398
-6.198030
-4.134036
-4.505380
-4.089441
-3.400181
-4.189695
-4.117005
-4.651125
-4.363467
-2.883238
-1.126772
-1.038049
-1.151342
1.068582
1.625536
0.965474
-0.489057
0.519037
0.011068
0.070668
-0.155273
-0.286761
0.507122
0.041655
1.549101
1.801828
1.708004
1.118286
2.014628
2.001470
2.045721
