二维采样长度为：0.800000 mm；采样间隔为：0.005000 mm；采样段数为：5；数据点数为：800。具体数据如下所示：
0.000000
-0.846728
0.083010
-1.231801
0.156586
2.525993
3.068968
1.668221
0.514293
-1.131237
-1.853824
-2.132378
-1.965710
-3.587378
-4.611376
-3.542551
-2.408210
-2.076310
-1.490923
-1.655495
-3.410675
-2.799904
-1.967571
-1.219614
-0.911358
0.442932
0.491024
2.421742
2.771565
2.189497
1.797364
0.403715
-0.070632
-0.781879
-2.784144
-3.526541
-2.000069
-1.491690
-1.107865
-0.181115
-0.131303
-1.739901
-0.740318
-0.349212
0.131358
1.190347
2.431286
2.461231
2.669084
2.751732
0.066596
-0.568495
-1.055203
-2.262326
-3.219814
-4.829102
-4.849090
-4.099367
-3.055321
-2.952216
-2.793853
-0.750869
-1.578527
-1.712959
-2.860119
-2.592032
-1.446054
0.850678
1.442101
1.492861
2.625484
2.766782
2.789015
0.868376
0.109176
-0.728042
-2.137778
-2.522737
-1.643285
-1.417265
-1.814256
-0.909951
-0.033990
-1.824899
-1.300535
-1.291345
-1.014167
1.101272
2.526067
2.129887
2.357793
2.155369
0.034762
-1.226232
-2.156166
-2.048056
-3.176761
-4.294748
-3.723434
-3.062303
-3.216238
-1.867493
-1.965472
-2.380097
-2.503718
-2.940900
-1.801371
0.185069
0.515723
0.258023
2.057021
2.128198
2.489818
1.283539
-0.001712
0.337044
-1.317611
-2.653522
-3.135336
-1.495652
-1.155724
-0.280210
0.490851
-0.880849
-0.884220
-1.128417
-1.121955
0.212414
1.794085
2.331664
1.719014
1.623773
0.037203
0.058100
-0.668843
-1.155165
-2.557191
-3.864914
-3.826364
-2.133003
-1.902445
-2.123580
-1.512113
-2.180655
-1.456716
-1.858439
-2.415332
-1.260663
1.344941
1.419750
0.661929
1.820653
3.019699
2.144090
0.783272
0.088937
-0.748945
-2.521883
-3.470361
-2.495181
-1.312724
-1.176844
-0.319573
-0.987689
-1.300516
-0.814658
-1.153131
-0.924701
1.417972
2.932678
3.378416
3.123892
1.796567
1.104291
0.717181
0.232249
0.049849
-1.986299
-2.656800
-2.302482
-1.859554
-1.830229
-0.851273
0.830016
0.472593
-1.029602
-1.595379
-0.581657
-0.184885
1.346373
1.963760
2.480258
0.274699
-1.382942
-1.802849
-1.864020
-1.699179
-4.398155
-5.516382
-4.751455
-3.511107
-3.236536
-1.519912
-1.924838
-0.912938
-2.525982
-2.671099
-2.525062
-2.053534
0.107124
0.065531
-0.280164
1.937489
2.828212
2.470054
1.113088
2.514763
1.476607
-0.417497
-1.182813
-1.561986
-1.153327
-1.004410
-0.020883
0.224775
-0.880637
-0.430071
-0.766718
-0.724235
0.501900
3.080102
2.778377
1.358172
0.478894
-0.876690
-0.971380
-0.349333
-1.807628
-4.751958
-4.841776
-4.926428
-3.837316
-2.851140
-2.166613
-3.263514
-4.204016
-2.809749
-4.495764
-2.890553
-1.598291
-0.006809
-0.875888
1.998149
2.802170
3.230278
1.247622
0.355545
1.160579
1.066386
-1.825042
-0.101039
-0.200890
-1.409266
-1.484987
1.795263
-1.245676
1.478669
-0.888512
-0.197288
0.539457
3.082212
3.107781
2.791215
2.427247
-0.074118
-0.492570
-0.453228
-0.599953
-2.372299
-4.219422
-5.138139
-3.409773
-2.082169
-1.529911
-0.736802
-1.362427
-2.613408
-2.135194
-1.848721
-1.686559
0.093931
1.772574
2.490560
3.194804
3.174177
3.112693
1.483134
0.841681
0.384144
-1.198167
-2.501550
-2.570857
-0.705855
-0.855495
-0.277302
0.768914
-0.122117
-0.776433
-1.163459
-1.357290
1.311328
3.784755
3.159932
1.487483
-0.540326
0.162939
-0.008893
-0.690925
-0.953103
-2.372997
-4.512133
-5.007518
-3.503777
-2.755836
-3.053625
-1.890830
-1.800665
-2.503750
-2.488076
-2.785490
-1.849809
0.296820
0.952062
0.922484
2.656522
2.763927
1.163364
0.148745
-0.872380
-0.831132
-1.800222
-3.437332
-3.857091
-2.976510
-2.302800
-1.946952
-1.147099
-1.845028
-3.153219
-2.842966
-2.510265
-1.159881
-0.440307
0.599827
0.318059
2.102207
2.185643
2.644695
1.332695
-0.361837
-0.835041
-1.525511
-3.780448
-3.811518
-2.496156
-1.873716
-1.562052
-0.554561
-0.502186
-1.212405
-0.810900
-1.197178
-0.574884
0.784623
2.516113
1.888164
0.763260
-0.385901
-1.074472
-0.927743
-1.902432
-2.489301
-3.137648
-4.141745
-4.782283
-4.078227
-3.504728
-2.618562
-2.117972
-2.573221
-2.868754
-3.638874
-3.614053
-3.198451
-0.573680
0.188284
-0.029601
1.150862
2.458884
2.775351
0.956455
1.168209
1.486700
-0.256096
-1.787526
-2.469227
-0.848523
-0.605819
-1.482341
-0.501386
-0.828335
-0.599011
-0.441717
-0.383786
0.693017
2.008150
2.466786
2.090612
-0.058922
-0.367253
0.046773
-0.134123
-1.462874
-2.477591
-2.845663
-4.478392
-4.843320
-3.724243
-3.113807
-3.177734
-2.513282
-2.011373
-2.301105
-3.520492
-3.501874
-2.907765
-1.415012
0.634698
0.284255
1.444808
2.540594
2.841938
2.061248
0.822103
-0.832623
-2.461248
-2.615697
-2.257133
-1.484077
-0.613412
0.872057
-0.444113
-0.554205
-0.543631
-0.014828
0.886529
2.453850
2.843391
2.687087
2.837275
3.112283
2.207358
0.796349
-0.220941
0.078054
-0.929818
-2.345400
-2.870245
-2.295207
-1.696516
-1.164383
-0.524702
-1.462750
-1.017884
-1.321650
-1.192819
-0.368845
2.259041
2.793101
3.019221
2.954063
0.589714
0.542059
-1.484397
-1.618120
-1.075228
-3.369012
-4.280552
-4.417266
-2.739327
-2.886468
-1.846341
-1.319983
-1.469359
-1.467138
-2.088244
-1.651766
-0.793667
0.241497
1.370641
1.095454
2.652991
3.090634
1.460365
0.095838
-0.837758
-0.350256
-1.222779
-2.773834
-3.484845
-2.222481
-1.173836
-0.675371
-0.820242
-1.759310
-1.191631
-1.229246
-1.086119
-0.768534
1.290233
1.827489
1.873131
2.251754
0.448128
-0.272170
-0.992969
-1.469648
-2.319218
-3.998319
-4.476596
-3.057760
-2.368456
-2.499700
-0.819404
-0.805081
-2.190113
-2.402698
-2.276400
-1.416724
0.223266
1.870668
1.814390
1.667779
2.511406
3.112155
2.185493
3.117846
3.181536
3.119018
-0.019601
-0.145305
0.172455
0.432552
1.449353
3.125421
1.813817
0.739961
0.373852
0.432872
1.426478
3.602694
3.831391
2.297948
1.095485
1.200960
0.116945
-0.411221
-0.273966
-0.553258
-2.322418
-3.300499
-3.657530
-2.808192
-3.809290
-0.425364
-1.199346
-0.986434
-0.557628
-0.120106
-0.892384
-0.642056
1.565022
2.351464
3.081012
3.156044
3.370728
2.838481
2.383305
1.311807
0.598704
-0.910195
-1.253002
-0.753459
0.164509
0.811207
1.807686
2.652927
1.484448
0.818908
-0.516897
-0.024964
2.126302
4.173060
3.224346
2.021078
1.473398
0.774482
-1.229803
-1.462541
-2.582481
-2.578239
-3.607237
-4.891642
-4.729766
-3.129166
-2.845246
-1.661077
-2.434454
-3.203609
-3.279618
-2.437705
-1.862337
-1.141575
-0.551372
-0.869221
1.144863
3.159180
2.797265
0.531720
-0.202963
-0.535884
-2.007629
-1.552933
-1.732156
-1.181839
-1.202529
-0.527350
0.271774
0.134219
-0.426422
0.476981
0.793293
1.011104
2.095479
2.771546
3.495690
2.472757
0.609507
1.193190
-0.646482
-0.158613
-1.973422
-2.999900
-3.056416
-2.913465
-3.131705
-2.890425
-3.121121
-2.481180
-3.005096
-2.504538
-3.075683
-2.145783
0.794879
1.703509
0.912735
1.296730
2.440688
3.489233
1.799226
1.086277
0.124120
-0.210835
-1.852686
-1.735980
-1.075762
-1.050201
-1.154840
1.554468
1.372154
-0.590196
-0.758818
-0.864846
0.157609
2.368070
3.148510
2.465378
3.489572
4.814209
3.636732
1.104285
0.326882
-0.239132
-0.983016
-2.333949
-2.227657
-2.708006
-1.461626
-0.844755
-0.198012
0.678863
0.223027
-0.203202
0.148737
-1.805432
-0.304275
0.532523
2.055758
1.805765
3.095078
3.843395
3.185206
2.323022
0.620440
0.175544
-0.160886
-1.815605
-3.134402
-2.404168
-1.068734
-0.175796
0.046424
0.271558
-0.202170
-0.411103
-0.554568
-0.511068
0.144181
1.793212
3.129564
2.839908
4.143152
4.809906
4.772578
3.841224
3.157184
2.714615
0.794831
0.480993
0.502870
1.451746
1.636016
2.144643
2.835789
2.146675
2.150574
2.043119
2.516862
4.113499
4.844947
5.315363
4.678730
3.527909
3.116841
1.167602
0.857404
-0.173789
0.127092
-1.514886
-2.187190
-1.309766
-0.290580
-0.838817
0.155982
1.210406
-0.176641
0.169857
-0.167699
0.135158
1.560539
3.779018
3.040059
2.805679
5.178165
5.151046
4.805887
4.851455
2.536461
1.853054
0.105363
-0.570719
-0.380958
0.548171
0.671643
1.503181
1.514652
0.282358
1.462996
1.372800
1.489156
3.059999
4.321728
4.443240
4.092882
3.159362
2.655652
1.057176
0.358572
-0.086445
0.343018
