二维采样长度为：0.800000 mm；采样间隔为：0.005000 mm；采样段数为：5；数据点数为：800。具体数据如下所示：
0.000000
1.188635
-0.203532
0.800591
0.701460
-0.949571
0.739191
0.647333
2.946718
2.925109
3.485834
3.487445
2.278057
1.886871
0.292612
1.216197
-1.067675
-1.656596
-2.934185
-1.429017
-0.668820
-1.340071
0.305313
-0.400565
-0.305105
-0.546170
-0.722098
-0.067912
1.746643
2.894700
3.030152
5.359882
3.810673
4.356080
2.142619
1.799842
0.923025
0.673973
-0.883959
-2.065739
-0.474335
-0.290120
-0.627238
0.865616
0.914264
0.396793
0.204218
0.118120
0.124100
0.881803
3.447633
3.461231
3.636989
4.122361
3.423467
1.960971
1.486669
0.775229
0.006178
-1.532414
-2.160307
-1.348282
-0.578399
-0.620471
0.522668
0.815258
-0.113282
-0.157451
-0.240537
-0.062455
0.841669
3.330465
3.411403
4.338005
4.099509
3.716123
4.592027
3.651954
4.088112
2.769354
1.328389
0.356103
0.522591
1.658791
1.671277
2.689073
3.143555
1.984968
2.397118
2.022623
2.077512
3.625320
3.557072
3.846520
2.940636
2.171511
2.160736
0.872597
-0.038438
-0.550591
-0.992968
-2.596937
-3.314487
-1.940627
-1.822113
-1.519209
-0.068307
-1.323163
-1.021079
-1.332438
-1.523772
-0.488945
1.828966
2.097577
4.019128
4.295925
4.431043
4.486974
3.707917
3.324053
2.415647
0.844059
-0.216844
0.562654
1.465128
1.200103
2.754646
2.477458
1.798116
1.756869
1.848911
2.023515
4.085651
4.152029
3.949357
2.682607
2.343469
1.184946
0.399994
-0.268326
-0.284319
-1.397204
-2.840275
-2.833637
-1.429160
-1.186428
-0.854063
0.352671
-0.076240
-1.126884
-0.789605
-0.858590
0.026430
1.108615
2.948736
2.589429
3.734029
4.863666
4.195270
4.045980
3.923648
1.261000
0.487418
-0.625869
-1.326679
0.159183
1.265394
1.180644
1.035774
1.754212
0.857808
1.408190
0.473968
2.026881
3.567276
5.083094
4.424164
4.938375
5.730195
4.866191
3.852997
3.690245
2.552189
1.119930
-0.284003
0.866039
1.527865
1.438293
2.629152
3.298685
1.975666
2.189411
1.797389
2.525857
3.817471
5.399995
4.811724
5.367589
4.070725
2.920016
2.631550
1.660876
0.423244
-0.045188
-1.371112
-1.533031
0.215155
-0.162869
0.776948
1.354443
0.597879
0.429232
0.446665
0.816694
0.975780
2.570015
3.964150
4.440422
4.708203
4.777507
3.937036
3.390683
2.238652
2.126051
0.118092
-0.966720
-0.589354
0.396164
0.985903
1.812635
2.086677
1.466554
1.079065
0.883942
1.293103
2.216480
4.389737
5.063331
4.373128
5.427806
4.655368
2.937126
2.975657
2.170937
1.244039
0.053451
-1.204591
0.148560
1.100130
0.537797
2.069009
1.667770
1.324280
1.253261
1.045522
1.545316
3.324562
4.764149
4.307040
5.423996
5.401636
5.966280
5.503596
4.345855
3.746489
2.811128
1.554585
0.594182
1.487542
1.356954
1.245203
2.389540
3.351866
2.640307
1.809293
1.975586
2.525066
4.332130
5.427772
4.668897
4.763828
3.198502
2.567377
1.847395
0.763423
0.836951
0.350642
-1.881614
-2.084959
-1.412660
-0.689298
-0.436895
0.099093
0.923472
-0.244997
-0.580866
-0.221828
-0.004942
1.754741
2.993402
2.985596
3.997115
4.609522
4.847745
4.224539
3.960596
3.633404
1.722543
0.305609
0.372551
0.670572
2.001946
2.010576
2.539006
2.577068
1.895662
2.354434
2.484491
2.373635
5.283217
5.039519
5.306122
3.011333
2.807122
1.263841
1.110595
-0.056955
-0.073203
-1.476553
-2.308714
-1.865468
-0.490931
-0.309378
0.298321
1.016780
-0.005209
-0.410516
-0.318962
0.321810
0.603149
2.984877
3.366001
3.432714
4.934337
5.110303
3.861834
4.805777
4.170489
2.957059
1.203600
-0.208878
0.429849
0.489964
1.652147
2.153525
2.271222
2.015475
0.949475
1.293856
1.866145
2.026777
4.041296
4.923326
4.699772
4.843855
3.730956
3.245761
1.835108
1.300057
0.569728
0.495549
-1.633360
-2.083591
-2.694720
-1.231407
-0.951034
0.673567
0.446479
0.533253
-0.504283
-0.005127
-0.483865
0.992961
2.033281
3.772336
3.466851
4.401163
5.681934
5.509305
4.055109
5.115102
1.805367
3.536144
1.393702
-0.341017
0.162853
-0.078981
1.300968
1.312158
2.099855
2.940616
0.599708
2.110921
1.902072
2.112777
3.637212
4.596312
5.319693
4.369029
3.555247
2.629786
0.832334
0.370739
0.023844
-1.150215
-2.506574
-2.992581
-1.062534
-1.343856
0.259362
-0.132173
-0.496480
0.089572
-1.219666
-0.381498
0.682962
3.001331
3.107438
2.937760
4.260641
2.650952
1.250366
0.778757
-0.040168
-0.377054
-2.142460
-3.022084
-3.143796
-1.490119
-1.644777
-1.197382
-0.362479
-0.962367
-0.808672
-1.197262
-1.209736
0.037485
1.938538
2.303320
2.341073
3.952735
3.790867
3.499884
2.219324
2.067408
0.275916
-0.731377
0.369844
0.793772
0.222290
1.520614
1.827850
1.165165
1.168892
1.842331
1.489331
3.466569
5.376121
4.761886
4.555790
2.795105
3.135353
1.399426
0.899399
0.305780
-0.665656
-1.513221
-2.835419
-0.762710
-0.830441
-1.420853
0.070486
-0.152142
-0.878500
-0.569682
-1.014961
-0.783006
0.030131
2.287528
2.627654
2.581370
4.766763
4.162391
4.434291
3.389132
1.723219
1.777629
0.067541
-1.383707
-1.601827
-0.238091
-0.179584
0.152157
2.749233
0.300077
0.395127
0.518510
0.283273
2.493178
4.282362
5.677801
3.623811
5.115417
3.682370
4.504778
2.770874
1.501574
1.611841
0.782835
-0.176313
-1.234100
-2.390425
-0.803734
-0.547870
-0.965918
0.773024
0.345911
0.072354
-0.134756
-0.065671
0.442144
2.143295
3.820348
4.322362
3.903777
3.327992
1.348600
0.836503
-0.788877
-0.586130
-1.345366
-1.913737
-2.968161
-0.925273
-1.315723
0.050015
0.274336
-0.605136
-0.099434
-0.553347
-0.429978
0.190903
2.130575
2.203286
2.518114
4.010214
4.516401
4.655996
3.469068
4.252062
3.276101
1.325160
0.485311
-0.336857
0.479445
1.927596
0.983815
2.910503
2.671605
1.112118
2.392669
1.681223
2.341462
4.251227
3.239827
3.293698
3.274272
3.352730
2.428416
1.244706
0.754770
1.150599
-1.261005
-1.188744
-1.746144
-0.160704
-0.341568
-0.207964
1.099420
0.142201
-0.166376
0.334465
-0.367793
2.148836
3.575489
3.462362
4.893910
4.574883
5.878436
3.922846
4.639372
5.119043
2.788512
1.339660
1.255092
2.443416
2.844994
3.759557
3.676540
3.332184
3.207214
2.855302
3.242987
3.710538
5.964597
6.770620
5.535959
4.424884
3.744894
2.646799
2.808650
2.115063
1.162029
1.016118
-0.975247
-1.544459
-0.510182
0.177229
0.090530
1.416159
1.142536
0.892242
0.316822
0.570277
0.788744
2.082451
4.373812
3.808967
5.099967
5.701773
5.707670
5.149158
4.744675
5.575519
5.345384
2.885920
2.298103
3.179606
3.935548
2.997177
4.723705
4.638001
4.252676
4.137003
4.124840
4.470538
5.890057
7.033658
5.961641
4.443710
4.865991
2.910696
2.959139
1.572674
1.027895
1.304562
-1.143658
-1.450486
-0.265096
-0.152042
0.434559
1.036253
1.667642
0.820773
0.362701
0.898212
1.188719
2.081640
4.424705
3.551791
4.892398
5.839093
5.698813
5.062696
5.444077
5.478628
4.811384
3.843259
3.583224
4.301511
4.949122
5.041038
5.806723
5.028995
4.292268
4.864060
4.372986
5.130957
6.254832
7.024739
5.688568
4.721415
4.705488
3.317150
2.831516
2.403108
1.630501
0.314287
-0.633179
-0.986989
0.637436
0.926541
1.689870
2.028449
1.964986
1.808956
1.610238
1.386420
1.916890
3.778059
5.118176
5.077750
4.618744
4.124583
3.778228
6.577428
5.219269
3.538215
3.079204
1.480323
0.401966
1.732206
2.409981
2.096828
3.173153
3.630835
2.754169
2.693631
2.716333
2.880822
4.395552
5.892763
6.234301
7.087956
7.016047
6.762294
5.528221
4.693227
4.296632
3.827394
1.651503
1.059515
0.956960
2.808051
2.304013
3.452301
4.257824
2.889653
2.906170
2.992537
2.717389
4.345215
6.291419
6.497352
7.076925
6.296826
6.116796
4.515064
3.955499
3.780988
2.653141
1.242268
0.586939
0.164499
2.188921
1.637357
2.885796
3.235683
2.186413
2.369229
2.220840
2.403564
3.768748
5.479854
6.112724
5.564387
6.616714
6.951953
5.270242
4.981241
4.416311
3.609166
2.401495
1.334723
2.414232
2.919187
2.708301
3.970964
4.159404
3.375459
