二维采样长度为：0.800000 mm；采样间隔为：0.005000 mm；采样段数为：5；数据点数为：800。具体数据如下所示：
0.000000
5.966212
7.406447
9.722041
10.391621
12.347850
11.555527
9.022277
7.760956
3.656234
3.437400
1.807389
-0.654470
-0.642846
-1.028897
-3.308974
-5.251563
-7.632302
-6.515042
-8.669258
-10.641971
-9.409555
-10.864736
-11.563517
-8.764611
-9.963724
-7.086362
-7.896260
-7.295363
-7.565398
-2.507367
0.096181
0.978471
3.371670
5.063781
9.108322
10.129510
9.911294
7.816312
5.085442
3.425502
3.118980
1.496073
0.774813
-0.549788
-2.947374
-4.605106
-6.611174
-6.237138
-7.818476
-9.491928
-9.504611
-9.687366
-10.146170
-8.020660
-8.459294
-6.885753
-6.332464
-7.327577
-6.857240
-2.480787
-0.204437
1.331134
3.396695
3.966479
8.423088
8.442655
8.947870
9.660685
9.362016
7.594195
4.724156
5.063901
4.003163
2.715745
1.085676
-1.015922
-2.518036
-4.260691
-4.905242
-6.236264
-6.634736
-7.987075
-8.063709
-8.217966
-6.777307
-7.954513
-4.814679
-5.511019
-4.804116
-4.906740
-0.744392
2.396625
3.927056
7.446980
10.973842
11.668298
12.384020
11.565425
11.361885
10.728816
5.920934
5.394348
3.959487
3.086677
2.302658
-0.253031
-2.257801
-3.916630
-5.239533
-5.897786
-7.312916
-7.196532
-7.971647
-8.580953
-6.594473
-6.820389
-5.290311
-5.138145
-5.255719
-5.296728
0.367724
3.013183
5.099694
7.866877
10.318357
11.234619
10.020331
7.327697
4.993918
2.372882
1.843959
1.680958
0.475667
-1.386711
-3.921334
-6.089537
-7.640999
-7.905876
-9.155907
-10.593315
-10.448557
-11.030740
-11.476832
-9.190947
-9.845535
-7.395783
-9.113426
-7.604024
-8.242294
-4.104316
-0.664745
1.413935
6.643165
10.609967
11.750930
11.738960
12.044210
11.372996
8.027054
6.408117
3.892596
3.051718
2.305698
1.518820
0.150970
-1.797109
-4.293392
-5.246046
-5.608025
-7.667672
-8.563545
-8.749409
-8.934060
-8.495676
-7.651786
-7.224291
-6.520181
-6.464840
-5.959328
-3.273656
0.332795
2.499920
5.928224
9.083830
11.920705
10.058994
9.951126
7.972607
5.092079
4.929864
3.435014
1.640300
-0.226113
-1.461174
-3.972817
-4.600677
-6.250080
-7.922928
-7.686511
-8.152097
-9.497907
-9.590991
-9.255260
-8.678335
-6.056272
-5.802649
-5.278857
-5.296017
-0.149763
2.469206
3.409472
7.020502
10.919615
12.600608
12.248117
12.390425
9.065338
6.090708
5.073712
3.004533
3.478417
2.130197
0.319291
-1.335850
-4.485039
-5.124258
-6.205527
-7.491174
-7.629084
-9.153308
-8.805076
-9.167264
-8.205102
-7.130483
-6.611998
-6.523176
-4.605952
-2.525320
3.042032
7.044909
9.886353
10.396403
10.670407
10.736748
8.734168
8.729368
6.329829
3.810623
3.985154
0.123749
-1.543200
-3.485803
-5.321227
-6.170263
-7.855615
-8.850425
-7.824554
-10.536729
-11.701145
-11.201534
-9.209939
-9.580197
-8.196652
-7.956157
-6.504962
-6.584374
-6.257450
-1.269043
1.096075
2.092079
5.227585
8.268608
11.683195
10.975268
10.562510
7.644780
6.130539
3.276756
1.411594
0.680524
-1.604627
-3.144898
-4.050819
-5.767829
-6.822533
-6.987467
-8.580243
-9.819268
-10.414334
-10.686051
-11.276003
-9.631782
-9.296275
-7.575312
-7.850330
-7.060221
-7.782140
-2.980879
0.700873
1.864642
6.946419
9.449786
10.725408
9.436177
8.438887
4.803139
3.286131
3.423738
1.731230
0.301879
-2.371482
-4.538564
-5.149345
-5.658048
-7.469011
-7.885926
-9.247377
-10.211833
-8.758420
-10.262652
-8.426852
-7.580089
-7.127207
-6.224472
-7.251574
-3.983357
-0.963345
2.668072
4.715020
9.138340
11.313739
11.726672
11.691458
11.303374
9.540153
7.141633
4.827702
3.751024
2.389737
1.449813
0.180178
-1.821121
-4.681761
-5.498363
-6.322728
-7.586676
-8.632944
-8.956507
-9.239610
-9.513613
-8.152235
-7.875205
-6.861493
-6.409161
-6.590197
-5.060561
-0.988572
1.537759
2.813656
4.445432
7.697883
10.635402
11.290326
11.633178
10.389902
8.687170
5.646526
5.288115
4.094800
3.297913
1.854982
-0.221412
-1.190241
-4.180705
-4.781708
-5.306387
-7.157417
-7.941746
-7.629223
-8.232461
-6.936585
-7.596354
-5.320140
-5.002143
-5.959283
-3.584118
-1.313494
0.116673
2.320384
4.686862
6.388000
10.954141
10.995463
11.587278
9.690562
6.965516
4.454171
3.219716
1.629619
2.121326
0.020949
-0.682329
-3.630125
-6.157843
-6.378192
-6.940735
-8.138819
-9.018353
-10.151811
-9.815596
-10.349953
-8.668301
-8.415771
-8.439249
-7.560735
-3.156548
1.747520
-1.265493
2.596207
5.079954
7.643071
9.315213
10.464923
10.324197
10.068181
7.607484
3.732190
4.018620
2.403160
1.735386
0.145295
-0.661430
-3.664760
-5.612633
-6.523347
-7.551423
-8.589102
-9.574410
-9.965923
-9.516447
-8.856158
-9.245988
-7.225266
-7.140568
-7.286430
-6.559195
-3.914085
-0.911979
2.054235
3.044712
4.981057
5.312162
6.040908
7.215082
7.009813
4.968131
3.784807
2.032696
1.968417
-0.303578
-1.925405
-4.234749
-5.823685
-6.156735
-7.622951
-8.675195
-4.551633
-1.331326
-0.042847
-1.893693
-3.963362
-6.883450
-7.263389
-6.410071
-6.297421
-0.665013
0.825180
2.235410
3.993888
7.638923
10.975872
9.938282
10.047095
6.049447
3.034051
3.385832
1.403646
-0.258522
-0.966363
-3.289857
-4.415780
-7.574712
-8.493016
-8.611413
-10.247946
-10.900059
-10.928789
-11.225468
-9.727876
-9.910973
-8.162148
-8.541275
-8.276339
-7.560547
-4.277436
0.045429
1.011750
7.333726
10.398965
12.037385
9.988474
9.299185
8.684646
5.657327
4.974551
4.607876
3.472007
2.641931
0.444698
-1.591349
-3.263112
-5.261306
-5.552411
-6.960912
-7.920286
-7.510536
-8.156270
-6.457099
-7.443420
-5.593933
-5.193952
-5.556338
-4.906911
-1.389184
2.093392
3.381283
6.192290
9.422656
10.827543
10.029382
10.646068
10.712913
10.365897
10.642206
8.032876
8.313121
6.090411
3.436765
2.956792
0.100794
-2.570367
-3.931818
-4.620746
-5.783405
-6.481475
-6.226619
-6.983923
-7.151905
-6.164406
-4.974399
-4.281088
-4.106501
-5.124810
-3.925409
1.607090
5.042960
4.754540
5.067634
9.032529
9.980515
8.380981
7.668568
4.750741
3.983781
3.023208
1.534896
1.332027
-1.862192
-4.550832
-4.516835
-6.160113
-6.793225
-8.063364
-8.978271
-8.912006
-9.769619
-8.012134
-7.173547
-5.961077
-6.542664
-6.694510
-6.368619
-0.912500
2.055575
3.970238
5.119938
8.814725
10.822603
11.371679
10.861561
10.087790
4.750959
3.409642
3.366290
2.300504
-0.559923
-1.330949
-3.656746
-5.667704
-5.989685
-7.471603
-8.992858
-8.794868
-9.075579
-9.291893
-10.186563
-9.397595
-8.175455
-7.902122
-7.153314
-6.096605
-3.662032
0.393342
2.309682
3.672764
6.637747
10.256026
11.394822
10.758127
8.635443
6.317912
4.652415
3.291227
3.155057
0.832701
-0.038436
-2.988554
-4.979741
-3.923077
-5.828100
-6.193141
-7.602564
-8.035347
-7.900255
-6.868436
-6.347974
-5.297768
-5.199604
-5.272879
-5.399548
-0.035320
3.052113
4.045287
5.461666
9.007693
10.385889
10.985276
10.225734
10.572229
9.941153
7.658769
3.717034
3.188365
1.513914
1.205146
-1.000910
-3.834267
-4.286358
-6.288877
-6.843423
-7.883857
-9.633331
-10.097146
-9.510096
-9.174801
-8.575070
-7.135146
-7.592539
-6.590410
-7.243675
-4.198575
-0.117817
2.383966
3.310938
6.589368
8.502841
9.944696
9.913301
7.369370
3.090563
3.597620
2.146854
1.649822
0.366488
-1.701725
-2.823335
-5.261878
-6.764699
-7.407301
-8.966244
-9.852631
-9.479104
-10.423541
-8.439012
-9.267114
-7.327442
-7.092553
-7.574774
-6.713260
-4.252085
0.450227
1.444444
3.707508
4.919247
9.293376
9.962676
9.100741
8.972154
6.712024
4.478660
4.249186
2.863333
2.376883
1.321739
-0.506316
-2.025016
-4.637483
-5.986304
-6.105419
-7.512940
-8.808228
-8.509234
-9.179902
-9.467162
-8.238123
-7.548585
-6.308651
-6.616209
-6.552397
-5.957969
-3.830084
0.640170
2.203100
3.995475
6.004751
8.795232
10.031487
8.149806
6.238411
3.594380
1.790456
0.683164
0.500014
-1.143683
-1.966141
-4.823402
-6.214269
-6.935046
-8.634764
-10.503050
-9.756975
-10.773841
-10.781058
-9.888611
-9.816541
-8.968824
-7.959559
-8.091481
-8.374966
-4.874563
-1.588598
1.265019
1.139924
7.037424
9.785017
10.273224
10.712205
10.297141
8.011422
5.315685
3.296038
2.002198
2.392233
0.425373
-1.199095
-4.542043
-4.971689
-5.670642
-6.967627
-7.453301
-8.449560
-8.301636
-8.583337
-7.651042
-6.499565
-5.666392
-6.299881
-5.062787
-6.164993
