二维采样长度为：0.800000 mm；采样间隔为：0.005000 mm；采样段数为：5；数据点数为：800。具体数据如下所示：
0.000000
1.100755
2.222942
0.765488
4.611470
6.708129
9.930179
10.604053
12.265683
16.000376
17.661002
17.144444
16.191474
14.845071
11.840618
10.576174
9.608977
9.494369
7.458776
5.663467
3.310545
1.976459
2.162240
-0.093553
-1.291965
-0.692531
-1.600223
-1.383363
-0.158954
0.241839
0.913210
0.946896
1.527140
1.289768
6.647047
9.100710
10.540856
11.931089
17.364103
17.871364
18.813133
18.204921
16.408542
14.445955
11.921624
10.406879
9.362224
7.572507
7.902571
5.659194
3.937980
2.538070
-0.014532
-0.810488
-1.471164
-2.711053
-3.246852
-3.686058
-4.142112
-4.367975
-2.314793
-2.887421
-0.992051
-1.326853
-0.992805
-0.692925
1.732479
6.014067
7.639083
10.352252
11.581017
13.554481
14.114283
14.829694
14.628489
14.570076
11.969374
10.228016
9.040577
9.170183
7.295539
6.302323
4.058236
1.643509
-0.642546
-1.589035
-2.539774
-2.938694
-2.711421
-2.541603
-3.294392
-1.085545
-1.313811
0.004047
0.037649
0.028521
0.002708
4.291236
7.929793
8.928174
10.938882
14.575241
17.062700
17.600629
17.530598
14.460244
12.600801
9.907162
9.960987
8.782227
6.977573
6.313976
3.672779
2.042368
0.801349
-0.618825
-1.182941
-2.909526
-2.027079
-2.576973
-1.639934
-1.255866
-0.092884
-0.264457
-0.658553
0.287763
4.333289
8.352050
12.552466
14.540300
15.419562
15.580468
14.591920
12.917662
9.760470
8.262064
8.350634
7.325785
6.623882
4.371537
1.972209
0.047172
-0.417112
-2.687706
-3.120961
-4.325635
-3.897290
-4.115454
-2.991329
-2.411172
-2.506626
-0.694192
-0.358961
-1.591450
3.062462
6.314655
8.005251
8.460579
16.154472
18.509261
19.558596
19.703700
18.391614
15.305367
12.954364
10.924252
9.820364
8.672808
8.017699
5.969595
3.298036
1.981854
1.441718
0.418641
-0.685364
-2.851591
-2.363550
-2.192710
-3.273121
-2.174707
-0.338145
0.396070
1.012653
-0.074573
3.950272
7.407346
9.286613
11.241625
13.832815
16.532682
18.637630
15.881630
13.791968
10.685634
9.112683
7.599742
8.088874
5.981495
5.506429
1.234496
-0.653239
-1.357480
-2.345317
-3.936522
-3.365061
-4.536796
-3.323566
-3.271941
-2.625762
-1.892067
-1.690279
-1.144727
-0.784528
1.520051
5.331475
8.950463
11.258675
16.513196
18.929768
19.984474
18.993562
16.951661
15.544990
12.563780
11.256424
9.328918
8.656981
8.033298
5.914835
4.635347
2.086211
0.034191
0.663349
-2.693472
-3.061696
-1.999949
-2.432727
-1.680137
-1.687203
-0.666490
-0.050745
0.409230
-0.046290
3.228513
7.320787
8.609912
10.625828
12.601454
14.340786
15.421926
15.888939
14.309409
11.692865
11.315992
10.093899
8.644711
7.563767
5.026476
2.138093
1.546001
1.449071
0.019111
-0.927997
-1.234082
-2.207245
-2.071584
-0.611254
-0.298378
1.306640
0.619853
1.236108
2.649823
7.816755
11.942664
19.573710
19.359147
20.429852
20.566219
18.751528
17.535507
14.320709
12.296812
11.390033
9.297773
9.733422
8.126037
6.166166
4.199385
1.961191
1.629585
0.476895
-0.849750
-1.672341
-1.796509
-1.709487
-0.407293
-0.452315
0.985574
1.305448
1.017893
1.034561
3.349999
7.609504
10.312214
15.380787
17.129727
18.872106
18.611986
18.542307
17.520237
14.912632
11.788719
10.242058
9.649653
7.935849
7.319189
4.988015
3.037555
1.485085
0.246198
0.040506
-1.512289
-3.024381
-2.692363
-3.148449
-3.250110
-2.068096
-1.525259
-0.262312
-0.284717
-0.468189
0.974877
5.320840
7.953985
9.266044
10.472370
13.643996
17.261882
16.275725
14.644351
12.100782
10.140294
10.102094
7.351019
7.566839
6.031563
3.613256
1.926580
0.647939
0.826482
-0.363983
-1.490145
-1.984016
-2.641253
-2.289380
-1.429663
-0.748127
-0.017416
0.147668
-0.000557
1.001836
5.661649
10.275792
14.496325
18.184360
19.123519
20.470600
19.992038
20.035858
19.364896
15.903264
13.886331
12.004624
11.107575
10.423878
9.576179
7.484027
5.957350
3.105683
2.356563
2.122886
0.686047
-0.171981
-1.321330
-1.356450
-1.650130
-0.522159
-0.372790
1.160237
0.859774
1.438395
1.151447
3.741141
8.118408
9.920853
12.110465
12.608512
16.713132
17.178634
15.927481
13.214984
12.152034
11.594542
10.602060
8.852693
8.354982
5.965068
2.777455
2.069674
1.651748
1.315208
-0.519824
0.090765
0.024909
1.180812
0.944221
1.712338
2.706578
2.596662
2.307264
4.861109
8.090020
11.258870
12.447639
13.268674
17.549974
18.988897
18.664216
16.902056
16.207251
15.500661
11.031880
11.305307
10.602628
9.023821
8.556880
5.935445
3.637138
3.338384
1.448077
0.056040
0.192604
-1.261623
-0.964708
-1.278359
-0.339085
0.311788
0.920236
1.287513
0.363105
0.809113
6.298002
9.491120
10.588917
12.441609
16.965307
19.210357
19.226866
16.679308
15.559988
13.289437
12.272090
12.016373
10.310450
9.632965
8.009848
4.621711
3.879610
2.993715
2.059136
1.354003
-0.296976
0.453263
-0.244402
0.687033
1.575350
1.984352
2.678749
2.368038
2.351261
8.324981
10.341157
11.578738
13.914381
17.847655
19.594328
19.753226
18.878357
16.632321
13.835847
11.243900
10.298915
9.288597
8.608784
7.325571
4.990222
3.366817
1.065280
0.702117
-0.599291
-2.017426
-1.978722
-2.406931
-2.648926
-1.063610
-1.565848
0.806876
-0.014207
0.586678
0.652122
4.608194
8.531952
9.168551
11.058944
14.234276
15.637661
14.233681
13.334979
10.600229
9.068838
6.533274
5.039720
3.591076
0.971357
-0.569258
-0.621430
-1.293805
-2.004072
-2.446433
-4.004208
-3.692085
-4.161136
-3.007648
-2.670811
-2.020306
-1.266975
-0.966251
-1.412327
2.988751
4.574716
8.821831
11.321246
17.210236
17.353260
18.196585
17.097339
15.248347
13.884701
11.790947
10.824354
10.333574
8.809458
7.699188
6.293822
3.321210
1.807213
1.520581
0.396069
-0.816477
-1.726378
-1.443850
-1.923443
-1.151084
0.403034
0.806126
1.547588
1.548794
1.379376
6.297954
10.675891
12.335867
16.880131
17.545437
17.839341
17.447579
15.703999
13.267360
11.473681
9.939290
9.562160
8.212281
7.583353
5.796441
2.785630
1.532395
0.656568
-0.643632
-1.476034
-3.281524
-3.521280
-2.628597
-1.374837
-0.603426
-0.047070
-1.020227
0.032269
0.693456
5.879758
8.081796
10.398532
12.496445
16.862678
18.212008
18.870384
17.802483
15.431672
11.041543
11.125874
10.909887
9.693444
7.252200
6.970743
4.506377
1.949272
0.399132
-0.412148
-0.703189
-1.299328
-1.252090
-1.233623
-0.689275
-0.111911
0.970778
1.528941
1.633993
3.615572
9.149319
14.584785
18.615992
20.280862
20.203569
20.860960
20.142024
19.895408
18.537822
16.514226
14.308468
13.243083
11.615027
10.966174
10.301015
8.336431
5.723387
3.764532
2.676778
2.339871
1.601994
-0.259583
-0.298595
0.053933
0.010816
0.481562
1.221689
2.055430
2.286321
1.950848
2.894252
8.004679
10.497984
15.210750
17.886278
17.589307
17.127917
16.500754
14.585073
12.606450
10.310845
9.293391
8.487306
7.958165
5.734300
3.613193
1.453382
-0.661610
-1.009684
-1.978616
-2.014761
-3.034706
-3.018768
-2.299839
-2.339236
-2.243794
-1.325255
-1.272803
-0.013511
1.493276
5.324392
8.426200
12.619735
16.861063
18.388611
17.204639
15.872695
13.297711
10.314490
8.973675
6.589024
5.611355
3.315001
2.681876
0.890251
-0.902268
-3.464943
-3.283805
-4.468381
-4.623036
-5.228024
-5.382726
-4.701585
-4.255101
-3.611010
-3.407672
-0.985000
-0.993185
1.981609
4.524621
4.973184
8.143313
11.266938
14.917346
18.203725
19.293981
18.274783
16.841844
14.653997
13.817999
11.695771
9.306110
8.583662
7.367564
5.951054
5.461916
3.228796
1.191036
0.669873
-0.325493
-0.830459
0.005290
0.030818
2.033996
1.882555
2.521875
2.962578
3.131506
4.273311
8.338886
9.594812
11.052163
14.585174
16.446181
17.917104
17.997478
15.595450
14.490739
11.939545
9.433658
9.425263
8.186633
7.858805
6.821619
5.256773
2.701982
1.671653
1.079553
-0.437774
-1.084144
-1.423011
-1.702288
-2.292788
-3.029949
-2.322507
-1.749503
0.954418
0.810339
4.599788
7.602524
10.114906
11.596859
14.963300
16.573897
17.352522
14.555002
13.262265
10.592432
8.967991
8.475127
7.365771
6.313913
4.622978
2.957055
0.399934
-0.846424
-0.660278
-2.736202
-3.501649
-3.713118
-4.321349
-4.126705
-2.945021
-2.255680

