二维采样长度为：0.800000 mm；采样间隔为：0.005000 mm；采样段数为：5；数据点数为：800。具体数据如下所示：
0.000000
4.722492
7.049703
7.170924
9.418441
14.031385
15.832685
15.492309
15.340322
14.889255
14.237461
12.944788
14.097151
13.967339
13.144571
12.319308
11.894288
10.505377
9.072782
10.447887
9.067136
8.001320
6.927605
7.427933
6.830153
6.045635
4.880629
1.483784
0.719287
3.423464
6.089139
6.883202
8.345157
7.638911
8.999760
12.209987
13.922779
13.979422
14.401021
14.289699
13.912116
13.788478
13.124997
11.884296
11.578617
8.181963
6.765626
7.921443
7.624179
7.013245
6.233727
7.620442
8.824415
7.395403
5.309980
5.455725
6.960718
8.134168
8.288743
8.017206
9.103369
9.731978
11.522849
12.606851
12.930456
10.308013
6.927306
5.972695
8.685720
9.912642
11.620397
10.871231
10.095225
10.995886
14.223034
12.949745
14.897495
14.677875
15.294904
14.562937
13.030450
12.871441
10.581328
9.582912
9.754715
8.630477
8.958891
5.664981
2.517207
0.206398
1.032293
3.624247
5.931583
9.421609
12.252582
12.689490
13.954365
15.939475
16.588659
16.233565
15.572893
15.937501
14.354213
14.896088
13.679326
12.921790
13.699232
11.593627
10.914020
9.174464
8.288671
7.918168
6.955295
7.198529
8.942539
8.921636
9.232014
7.753563
8.311459
7.612846
7.938360
10.316587
9.923103
6.649264
7.321247
8.968605
11.620074
12.929943
13.741532
13.783853
10.592597
9.046689
8.080817
7.290611
6.340569
4.622292
3.294618
0.481311
-0.642162
-1.276258
-2.501387
-3.360493
-3.290234
-3.675610
-3.778626
-2.124526
-1.645379
-0.954404
-1.258309
-1.257848
0.665941
4.688992
7.691954
8.437308
10.832000
12.787569
14.502516
16.170706
16.362749
13.576845
11.727029
9.681695
7.712798
7.724422
6.801492
5.351654
3.785818
0.082628
-0.950832
-0.969976
-2.709210
-3.346715
-3.518991
-3.596041
-3.522580
-2.276577
-2.417752
-0.464409
-0.957380
-0.931886
1.484689
3.997091
6.543962
8.986047
13.886946
16.598803
16.122912
14.206189
12.613547
8.706810
7.158494
2.311138
-1.651118
-1.690864
-0.831409
0.041974
-1.365704
-1.627322
-2.043057
-3.016601
-3.172581
-2.994972
-2.908854
-1.933124
-1.287805
0.004117
2.799941
5.112345
6.634966
6.924868
8.487489
9.981587
10.788914
13.798678
15.610655
15.509708
14.862969
13.736257
12.556529
10.497487
9.989981
9.585963
10.233847
9.962681
9.604994
8.970248
6.871805
7.906767
8.735049
8.576296
8.581084
9.964916
8.412570
5.320828
-0.037410
0.750260
0.631764
1.006875
4.341495
7.626426
9.450017
14.843399
17.589193
17.823988
18.368017
17.259432
14.972131
13.570375
11.572038
10.254092
9.366804
7.208899
4.985635
4.649175
2.175143
1.996188
0.687383
-0.372953
-1.784691
-2.404130
-3.403580
-2.519115
-0.976952
0.335457
0.959272
2.588761
2.988952
5.646874
7.013147
9.908802
11.417899
14.251977
17.239634
18.120095
16.727135
16.111239
13.286533
10.615650
10.534263
9.585009
8.382127
7.236879
4.941196
2.974446
2.244675
1.388877
0.073974
-1.549355
-1.391244
-1.487941
-2.036643
-0.333162
0.300449
0.748419
1.278312
0.630891
2.795262
5.395896
8.837364
10.307755
12.952851
15.588994
16.902335
15.452245
15.002965
12.636768
11.731880
8.729432
7.339626
6.749206
5.977592
4.124545
2.957741
1.078183
-1.204867
-1.848787
-3.190381
-4.150877
-5.312914
-5.056249
-5.283690
-4.356600
-3.981955
-3.011042
-2.590077
-2.540174
-2.543960
1.668002
4.651760
6.281329
7.623115
11.497982
13.351189
13.439061
11.603683
9.943016
8.853555
7.267315
5.999616
5.483414
3.667432
2.290079
0.069691
-2.185954
-2.181197
-5.283290
-5.172378
-5.290365
-5.674684
-5.420464
-4.623387
-3.666700
-3.302589
-3.077547
-2.938659
-2.994197
0.975863
4.153571
5.698910
7.490281
11.663866
13.150362
13.546665
13.188741
12.590278
9.596858
8.030206
7.288936
6.270474
5.099931
3.005728
1.702065
0.237412
-1.375480
-1.431399
-2.389024
-3.619166
-3.621033
-3.856528
-4.031955
-3.452286
-3.273250
-2.297047
-1.996684
-0.690938
1.863220
3.129627
6.294662
13.301886
15.637315
16.992111
17.923194
17.837241
17.227665
14.900199
12.006886
10.909766
10.599003
9.082382
8.621507
7.555883
4.632435
3.018142
1.092479
0.979284
-0.346594
-1.594555
-1.334787
-1.696087
-2.296866
-0.381133
-0.665727
0.875272
1.339091
0.949751
0.713534
4.119652
7.545030
8.761558
11.628287
13.855412
15.236927
16.485106
15.566938
14.925164
12.924352
10.606763
9.080016
8.598098
7.649935
5.820204
4.654048
2.186518
0.342660
0.682186
-1.716151
-1.984295
-2.340009
-2.980786
-3.337916
-2.189341
-1.600875
0.066273
-0.918998
-0.490347
0.459972
3.737415
8.272005
8.595452
10.949673
14.546430
16.018654
15.562383
12.584208
11.296328
9.553989
7.925278
7.673915
6.096749
3.655796
2.996619
-0.306674
-0.991536
-1.308072
-2.653589
-3.179822
-4.330485
-4.565017
-4.018697
-3.437127
-2.857080
-1.564746
-1.669136
-1.327687
2.032870
4.940049
6.766181
9.237600
10.416610
15.248433
15.000799
14.659919
13.957409
11.292724
10.228867
8.399766
7.151723
6.779597
4.650322
4.029221
-0.006385
-0.993652
-0.693690
-3.918188
-2.626641
-3.667121
-4.664872
-1.960897
-2.650229
-1.596766
0.092196
0.299918
-0.367134
0.840820
4.342857
7.067863
7.627563
10.257433
13.600130
15.275288
14.603843
12.275059
11.246676
7.582774
6.003493
5.679192
4.288271
4.039978
2.329021
-0.985137
-1.400634
-2.701016
-3.581605
-4.265124
-5.286846
-5.308358
-5.454933
-4.675191
-3.938602
-3.084444
-2.832304
-2.945691
-2.322514
0.654810
4.096313
5.840918
8.046702
12.933148
15.466307
15.260055
13.527807
12.925137
10.055820
8.321517
8.958782
6.687312
5.987431
3.675938
0.718886
0.670366
-0.934925
-1.525697
-2.263970
-3.145527
-3.371695
-3.523840
-2.019490
-1.170187
-0.866585
-0.207119
-0.652521
-0.161434
6.671456
8.506081
9.585214
13.970806
15.542115
16.548150
14.755856
12.588877
9.927677
6.595951
6.353962
5.437234
4.382278
3.239860
1.014500
-0.931651
-3.073736
-3.336772
-5.613050
-5.650939
-5.544606
-6.625281
-6.346333
-5.426516
-4.287676
-3.234199
-3.955111
-2.584290
-2.883208
3.662355
4.990131
6.910491
7.989352
11.221993
14.572468
14.384326
15.187288
12.915601
10.085321
8.832293
7.874526
7.324249
4.715485
2.375423
0.304618
-0.656984
-0.744333
-2.478028
-4.012901
-3.278361
-4.270248
-5.334087
-3.379555
-2.370996
-2.061715
-0.829089
-1.320295
-1.343564
2.271210
5.936612
7.906807
9.655026
13.290395
14.931337
11.222165
10.346929
7.858976
6.347622
4.669847
5.273016
2.509811
1.958593
-1.124266
-2.982352
-3.291118
-4.905797
-5.601674
-5.607291
-7.008169
-6.959581
-6.267897
-6.103628
-4.957906
-3.993751
-4.035022
-4.315327
-1.156358
2.289207
4.757809
6.639436
12.256011
14.266296
14.007732
14.224302
13.921649
12.551354
8.593121
8.825927
7.380287
6.664733
5.573827
2.382279
0.724968
-0.693999
-1.833606
-2.343440
-3.314364
-3.076594
-3.659421
-4.929513
-2.597711
-2.342179
-1.669920
-2.984786
-1.918498
0.702692
4.660880
7.659884
7.994253
12.220705
15.067324
17.511057
15.549018
14.752863
13.994131
10.299599
10.301957
9.630584
7.306151
5.291653
4.637830
1.527316
1.762316
-0.289153
-0.709925
-1.152640
-2.359968
-1.825451
-2.347454
-1.575132
0.034458
0.399604
-0.026114
0.167792
6.625514
10.583979
11.935096
12.866024
12.963098
14.598726
15.289567
14.973247
14.669211
12.772031
9.939695
8.688312
8.266751
7.292238
5.843247
5.021811
2.333635
-0.601848
-0.640578
-1.587252
-2.593028
-3.255246
-3.914386
-4.759176
-4.705568
-2.918521
-1.932686
-1.980736
-1.198128
-2.331892
-1.486445
3.646995
6.905281
10.282986
12.025268
14.090995
15.697835
16.766098
16.751631
15.500949
13.566059
9.652850
10.083063
8.303344
8.566906
6.466108
5.197341
3.341206
0.263125
0.015570
-1.105534
-1.950218
-2.315245
-3.317260
-3.053964
-2.683966
-2.745430
-0.372850
-0.264969
0.105975
-0.656684
2.985635
5.987203
8.957403
10.478298
13.927344
15.816937
15.566601
13.583254
11.371776
8.921705
7.284599
6.947029
5.485235
4.309124
3.599328
0.989156
-1.024646
-2.056295
-3.255829
-4.282717
-4.349604
-5.265573
-5.376490
-4.971813
-4.595576
-3.592894
-3.031329
-3.029221
-3.014080
-0.693580
2.288681
5.258494
5.794938

