二维采样长度为：0.800000 mm；采样间隔为：0.005000 mm；采样段数为：5；数据点数为：800。具体数据如下所示：
0.000000
-1.214322
-2.616358
-2.635540
-1.537366
-3.560342
-1.629906
-0.260769
-0.419143
1.116747
1.095792
1.954492
1.521296
6.340103
10.046379
9.971503
11.576351
13.117931
17.932711
18.281711
17.295813
14.918638
11.895069
11.296119
10.768318
10.034795
7.337113
6.436090
3.312533
2.676827
-0.340813
-1.619570
-1.563200
-3.348523
-3.225459
-3.216015
-1.599702
-1.984578
-1.685267
-0.372114
-0.047425
0.519634
2.215453
7.022743
9.459422
10.270764
12.594788
15.563868
17.920827
18.809176
17.263114
16.625270
15.283125
12.588476
12.096893
11.537139
10.311632
8.622556
7.790510
4.337495
2.975090
1.731541
2.636914
1.204428
-0.268904
-1.068275
-0.562795
-1.236938
0.162843
-0.629608
2.488434
1.019384
1.713654
2.154122
5.023833
9.066101
10.351943
12.723161
17.160016
20.403984
20.584544
21.274157
19.365314
17.611247
15.565660
13.959685
13.301227
12.410653
11.685164
10.110977
6.695889
5.627190
4.149938
2.974871
1.643317
0.292941
0.448342
1.302316
3.094492
1.694816
3.756102
4.278827
4.046840
4.620351
7.018219
10.964879
13.275421
14.848051
18.238036
20.756399
21.959529
21.832924
21.339017
17.979353
15.408766
13.258354
12.604512
10.978391
11.320266
8.663223
6.990411
4.451268
3.276464
2.988663
1.095695
0.748033
0.148046
0.024518
1.278857
1.398151
2.616265
2.725809
2.987392
3.374003
3.585877
9.687648
12.850507
18.676280
21.377910
23.109609
22.319771
21.867354
22.212026
19.505821
16.946981
14.688129
11.923639
9.235149
7.859437
7.265781
5.960344
4.376090
2.754387
3.521389
1.545777
0.341908
0.382559
0.523592
0.122271
1.654329
1.664292
2.306371
3.907377
2.988314
3.578297
6.624831
10.298591
12.658348
13.552032
17.310332
19.559508
18.931612
16.172238
14.121930
12.109547
10.819232
9.993801
7.370173
5.385277
4.892022
3.270539
1.723899
1.070476
-0.630624
-1.277968
-1.341690
-1.978141
-0.968732
-1.216956
0.013753
0.724641
1.031082
1.166143
2.600346
7.562828
12.387896
17.267675
21.396595
22.512611
22.831439
22.570991
22.064018
19.513631
16.268426
14.872755
13.548443
11.320536
10.989613
10.029122
9.713702
6.908772
4.672184
4.317405
3.070318
2.022273
1.042288
0.894506
1.202769
0.684676
-0.046092
-0.047312
0.275441
1.291148
3.633538
5.994748
8.412988
10.327206
14.528804
18.230992
19.651612
21.003888
17.231047
15.008835
12.653364
10.781689
9.106724
7.442665
7.145386
6.084312
4.141735
2.125943
1.797088
1.338890
-0.317765
-1.305930
-0.645614
-1.255919
-0.028960
0.316969
1.464614
1.705177
1.632058
1.810578
6.263111
9.592946
11.258540
14.367621
18.990564
20.666797
20.504551
19.652654
18.076024
17.349393
13.885600
12.280960
10.666360
10.028062
7.652855
6.643465
5.971835
4.107941
3.600780
2.669707
0.843498
0.320476
0.659725
-0.217236
1.326825
0.820094
2.306632
2.121595
2.453416
1.969222
6.373239
9.972713
10.977878
12.636950
17.560078
21.615260
22.634636
22.910460
21.660086
19.301357
17.638846
14.506302
12.624579
12.614239
10.652228
9.976608
9.270841
6.691452
4.660946
3.770354
1.931464
1.622270
0.283443
0.322479
0.557440
0.788898
1.764408
1.723264
2.963319
2.172423
1.835578
7.338038
10.714494
11.366341
13.631933
16.217354
18.997630
19.298077
19.859482
18.880505
16.000123
14.473409
14.331063
13.271272
11.321784
10.883966
8.094746
4.961296
5.374566
3.423815
2.876507
2.061449
1.787290
1.741906
3.013712
3.111988
4.416222
4.789298
4.492805
4.951945
8.831931
13.012116
13.310364
17.599561
21.820448
22.692906
21.530355
19.218954
17.541100
13.944866
13.240535
12.785559
11.458835
10.464138
7.970983
6.765653
4.940434
2.637547
2.675866
1.481323
0.013881
0.617452
0.199040
1.142319
0.032593
2.633968
1.963617
3.344452
2.404012
7.374777
9.713820
12.271534
13.814070
19.029999
20.182979
20.727629
20.508675
19.519648
17.700334
14.944487
14.890300
13.239368
11.310473
9.159522
6.704319
5.272281
3.999217
3.014868
1.428990
1.463598
0.658709
0.291709
-0.044237
-0.305810
0.900413
2.075020
4.287685
4.104198
3.718181
7.237658
12.288539
12.624640
14.397382
16.579014
20.912683
21.074722
18.881755
17.569246
15.790068
14.223924
11.983169
9.618207
9.116695
9.261626
7.693518
5.396398
2.750512
1.014911
0.956775
0.641434
-0.938356
-0.358423
-1.782185
-1.642390
0.309368
-0.316868
1.086072
1.342622
1.423053
1.778178
6.717498
8.982009
11.146839
12.081842
15.322995
16.558026
17.585770
15.507865
12.297788
11.730042
10.169595
9.698945
8.292760
3.974995
2.831039
1.654948
1.423883
0.424853
-0.874763
-2.293385
-3.295607
-3.500468
-0.631582
-0.899949
-0.574077
0.337593
0.377967
0.682387
1.797885
6.770142
9.378326
10.358964
12.071411
17.198412
17.901346
18.473797
16.050221
14.259448
11.984734
10.366761
10.633920
8.566721
5.355187
3.714647
1.660119
1.660457
1.487722
0.006182
-1.555817
-2.735757
-3.558894
-2.223352
-1.540532
-0.922949
0.799708
0.327810
0.225587
1.152813
6.566589
8.307987
9.894256
16.467172
19.917466
20.559203
20.356942
20.256854
18.355323
15.257292
13.051999
11.291312
8.273136
7.665451
8.086800
6.077667
3.762703
2.742549
2.339387
1.715108
0.452033
-0.596714
-0.571994
-0.623215
0.334897
0.374871
2.141079
1.671791
2.328792
2.274000
5.545433
8.911966
10.940274
12.924580
13.592897
16.029046
15.311113
16.354444
16.818122
16.318269
15.902887
13.928815
12.916828
11.309241
9.751325
8.360771
5.966151
3.374980
2.382721
1.089234
-0.034420
-1.019797
0.188798
0.508806
-0.273577
0.771946
2.283761
3.406772
3.235257
3.368096
3.352967
5.423462
10.945542
12.361806
13.461990
14.716850
19.537428
21.554548
17.795461
16.884918
13.964183
11.764064
10.713702
10.875838
9.554136
8.211208
5.234911
4.004048
3.161532
1.965006
1.006532
-0.351695
0.480286
-0.317666
0.385275
0.903319
1.945327
2.833337
2.434596
2.313370
6.424496
10.940105
15.504423
19.529682
22.246865
22.601267
22.525167
18.593981
18.581999
14.735365
13.591363
13.345228
11.545600
8.822355
5.465163
2.933666
2.740848
0.629263
0.468530
0.615905
0.797142
1.537814
0.731327
1.452696
1.705493
2.753400
3.439879
3.199643
3.603347
7.220472
11.090498
11.968764
17.595957
20.387026
21.782746
18.670580
17.044475
14.008783
11.158705
8.773744
7.710432
6.946596
6.084009
5.008079
3.676346
2.884725
2.092420
0.971402
0.009346
0.280202
0.339159
0.458183
1.936595
2.672749
2.969409
3.302508
2.698003
6.676460
10.675555
11.316881
16.270282
21.291384
22.508536
22.939315
22.597221
18.920814
16.433778
14.585432
13.326662
11.861883
10.297700
8.134739
6.500020
4.454833
2.444624
1.939900
1.119005
-0.592746
-0.663529
-0.276941
0.406398
1.479306
2.352005
2.666117
3.475888
3.898420
3.359588
8.321862
11.064767
12.355597
14.891125
19.830822
20.905659
21.201135
19.231767
17.349762
15.290906
13.598692
12.764330
11.062440
7.210844
4.931938
4.696412
4.351740
4.001734
2.947292
0.340270
0.544104
0.655127
0.992780
1.698142
3.246226
3.979509
4.213804
3.009639
2.992063
7.641506
11.311203
13.218056
14.102386
17.195475
19.485803
20.817844
20.357177
16.852635
14.567484
11.910498
11.018552
11.265218
10.433846
8.027881
7.374608
4.117786
2.716284
2.966241
1.227359
1.073500
0.470774
-1.100383
-0.758900
-0.809649
0.877394
2.300632
2.216043
2.324649
2.057770
5.670868
10.362444
14.569516
17.700110
21.418534
21.631727
19.136118
15.924064
13.939189
12.966331
11.656191
11.251075
9.569063
8.947324
6.065106
4.530210
3.173255
2.375903
1.115824
0.273448
0.359374
0.133146
-0.026690
1.502994
2.268620
3.058164
2.423496
2.896258
5.009191
8.788092
11.663642
12.923461
18.459643
21.167701
22.536344
22.554952
19.973451
18.270010
15.810329
14.070406
12.877188
11.303262
10.626153
9.088873
7.181880
4.027442
3.515005
3.924941
1.671683
-0.128950
1.017946
0.026294
0.370323
1.044402
1.846773
2.764197
2.778403
2.986303
3.456315
8.770764
10.610723
12.327298
14.152595
17.539488
20.580677
21.491101
21.925475
19.095651
16.314573
14.927512
14.625686
13.267708
12.324423

