二维采样长度为：0.800000 mm；采样间隔为：0.005000 mm；采样段数为：5；数据点数为：800。具体数据如下所示：
0.000000
0.226710
-4.980086
-4.579221
-3.686697
-5.853419
-8.501586
-8.512016
-8.033077
-6.894664
-5.691568
-4.985545
-3.407924
-3.048598
-3.374345
-3.279295
1.698535
5.173029
10.673854
15.079423
17.313831
17.613617
17.588462
15.927272
12.512916
9.650370
8.500337
7.716980
6.765593
6.056359
4.495725
2.111940
0.049627
-1.286625
-1.908412
-3.488606
-4.588977
-4.466577
-4.542806
-4.929327
-3.542162
-3.903787
-1.638729
-2.315738
-1.934092
-1.439229
1.384279
5.256568
7.088557
11.706391
14.572420
16.791643
16.565266
16.214450
13.750120
10.665932
9.883898
8.105925
6.969541
7.020378
4.738506
4.041909
1.115301
-0.877536
-0.694169
-2.273510
-3.236380
-3.996935
-4.571239
-4.254400
-2.748912
-3.894570
-1.648545
-1.966573
-1.610819
-2.034434
1.075817
4.431306
6.783845
11.802819
12.314914
17.017163
13.979601
14.318400
12.659970
12.688474
10.346585
9.172844
9.900875
7.901990
5.676217
6.759939
2.979027
1.673008
0.138746
-1.841749
-1.556055
-3.271892
-4.601243
-3.367520
-4.536728
-3.715504
-2.817857
-1.602648
-1.258891
-2.008578
-1.152298
4.348273
6.036841
6.996381
8.993800
13.609110
16.084933
17.897520
15.722728
13.275284
9.658268
8.992346
8.444954
5.020251
3.962415
0.798360
-0.214284
-1.606522
-3.538518
-3.611805
-5.187807
-4.298093
-4.211702
-4.313878
-3.112459
-2.956342
-2.210075
-1.239798
-1.853803
-1.330942
0.664821
4.906079
7.367961
13.610301
16.833930
16.578871
16.970236
17.771512
15.282187
13.576118
9.022544
8.601152
8.375870
6.660073
5.238646
2.796433
2.340733
0.606898
-1.305443
-2.004563
-3.873730
-4.197743
-3.330235
-4.283271
-2.941514
-3.534591
-1.683040
-1.641254
-1.242445
-0.997832
2.262769
5.990370
7.901941
9.955339
15.057377
16.021891
15.679475
14.025738
11.740034
9.038335
8.369416
6.370691
5.616722
4.261001
2.518836
1.404953
-1.128712
-3.221535
-3.521378
-4.147657
-4.460373
-4.010550
-2.484686
-1.639624
-0.927009
-0.140152
-0.300733
-0.984136
4.602601
8.010904
12.702662
16.279695
17.466697
18.130909
17.908437
17.624718
15.815477
12.453375
10.632705
9.583417
8.556785
7.699967
6.329339
4.048748
0.769280
0.292012
-1.393026
-1.650266
-2.696490
-4.236798
-4.046106
-3.794961
-1.964772
-1.882502
-0.573053
-0.315373
-0.403005
-0.074931
4.525327
7.709033
9.791354
14.923199
16.368157
16.709625
17.277318
13.010186
10.978288
9.553910
7.653504
6.740111
6.288060
4.904111
1.042267
0.349271
-1.008127
-1.656177
-2.684356
-4.376592
-3.460812
-3.690304
-4.963064
-2.248284
-3.223439
-0.999033
-0.915979
-1.937842
0.772657
4.081067
7.348743
8.424483
10.324202
13.083297
14.436875
13.065295
11.472852
9.227056
7.402924
5.512479
5.016696
2.526046
1.842103
0.186786
-1.379480
-1.922843
-4.699792
-4.521256
-4.580349
-5.859830
-5.593650
-4.716240
-3.823878
-4.078159
-2.585929
-2.145474
-3.591061
-0.578130
3.743038
6.893064
8.082206
6.973101
9.954536
12.626532
13.991619
12.672433
11.981493
9.326986
8.154573
7.955573
6.042128
5.392379
3.337763
0.595356
0.027205
-2.328464
-4.269714
-3.650066
-4.065531
-3.760047
-4.330181
-4.141989
-2.550881
-1.069093
-0.608715
-1.724275
-1.890231
3.171107
6.567542
7.726239
9.436880
15.629638
15.351218
12.574605
10.580816
7.526597
6.731945
6.322270
5.090038
3.391977
1.930898
0.072339
-1.554749
-3.286286
-3.565461
-4.960410
-5.325236
-5.636844
-6.439713
-5.175009
-5.267819
-3.928048
-2.967843
-4.468024
-3.672023
1.052845
4.871809
4.669680
9.290454
15.602861
17.431894
17.960917
17.773131
16.997241
15.498967
12.642811
10.751638
10.663665
8.656995
8.454190
5.708624
3.452488
3.146908
1.691206
-0.578719
-1.201898
-2.975791
-3.389615
-3.909208
-3.596274
-2.626529
-2.583535
0.308457
0.697153
0.482984
1.809904
6.687326
9.621681
10.401621
14.894986
16.135217
16.657136
15.071204
11.947642
10.103730
7.605841
7.448796
6.109378
4.647554
2.603097
2.115201
-0.650671
-1.467929
-2.520526
-3.614010
-4.591359
-5.201930
-5.267136
-4.234293
-4.320241
-2.820929
-2.424399
-2.408214
-2.035744
-2.222676
4.014847
4.948746
6.044519
8.352606
14.662190
14.481635
15.016908
14.649215
12.806327
11.039734
9.159923
7.328764
7.065914
6.050743
4.384259
1.770284
0.150781
-1.120817
-1.011228
-3.255094
-3.449373
-3.897690
-4.344848
-4.632281
-2.841894
-3.019163
-1.819298
-2.260747
-1.476373
-1.564408
4.150518
6.701371
10.955429
14.602910
15.582473
14.213820
10.419642
9.876947
7.423364
5.979764
5.071123
4.620193
3.396561
0.990641
-1.241352
-2.761614
-3.412552
-4.240000
-6.181066
-6.233925
-6.267775
-6.698161
-5.305078
-4.803891
-3.650153
-3.605048
-3.117407
-3.563547
1.335730
5.186182
9.101141
12.253279
13.924193
14.770475
14.459497
13.619239
10.704701
7.286892
5.671891
4.628457
2.640470
1.985124
1.058832
-0.264297
-2.658802
-4.947331
-4.849179
-6.168682
-7.206838
-7.524105
-7.908407
-8.252371
-7.117314
-6.717630
-5.563577
-5.106981
-5.189456
-4.703336
1.323825
3.512001
7.625308
12.874087
16.406956
15.564725
16.624566
14.964876
13.052621
10.371283
8.325843
8.511650
7.037103
5.681621
4.653060
2.075512
0.574430
-1.001324
-1.871791
-3.147476
-3.769153
-3.658038
-3.967284
-4.010677
-3.206944
-2.385338
-0.502193
-1.684358
-2.222688
0.682203
3.778651
7.288268
7.312780
10.055294
14.483122
16.601736
14.902229
11.957729
10.285642
8.352109
6.750338
6.399303
5.504685
3.034039
1.854521
-1.098093
-2.221548
-1.877909
-4.232027
-4.498056
-4.818060
-5.424327
-4.520390
-3.868440
-3.599481
-1.310392
-3.207903
-1.676812
-1.883629
4.734404
7.311896
12.137573
15.570220
16.688216
17.176462
16.584758
15.609901
11.958003
9.736040
8.337268
7.207850
5.987880
5.717412
3.094813
2.085908
-1.543625
-3.236589
-3.688052
-5.424800
-5.880370
-6.376765
-6.538599
-6.361833
-4.209707
-3.317152
-2.799228
-2.126341
-2.805728
1.447028
3.850246
6.828852
7.913797
11.615802
15.285232
16.430141
15.111679
11.528775
9.981115
7.139518
6.627891
5.515041
3.949516
3.815534
1.055823
-1.687743
-2.300279
-3.650835
-5.637897
-5.855900
-7.894602
-7.474272
-7.591138
-6.904694
-5.621176
-4.012517
-3.961978
-3.775439
-0.955171
2.703824
5.129661
7.018953
7.242646
13.079916
15.716228
15.612878
11.652130
10.275587
8.393029
7.208672
6.329121
5.480954
3.901508
1.431167
-0.899371
-2.309578
-2.609266
-4.581660
-4.589508
-4.840474
-6.547877
-4.991717
-4.511117
-3.573363
-3.205084
-2.096369
-2.852410
-2.328213
3.022642
6.015463
7.015615
10.634895
14.979421
17.564576
17.287908
16.656904
11.986798
10.305209
8.710234
7.610597
5.657960
6.416755
5.021926
1.441437
0.004209
-1.310346
-2.270357
-3.201537
-4.729448
-4.924742
-5.221478
-3.555312
-2.972592
-2.035420
-0.946405
-1.281307
-1.551207
1.879953
4.757133
7.696089
10.304016
14.327298
16.937825
16.043725
16.613099
16.081545
12.663317
9.613389
8.859366
6.993505
6.931475
5.703275
2.756090
1.360032
-0.283151
-1.370956
-2.113663
-3.865402
-2.968107
-3.457063
-4.746620
-2.271691
-2.593407
-1.013573
-1.942996
-1.310303
-0.922644
3.065140
6.306109
7.344593
9.432335
13.695414
17.086702
17.164891
14.317483
12.301713
9.721080
7.532631
7.709127
6.084064
3.770800
3.245367
0.995405
-0.764425
-1.296819
-2.436511
-2.986076
-4.111745
-4.045086
-4.903839
-4.959280
-3.987975
-3.414785
-2.676541
-2.190325
-2.643590
-2.335430
2.083632
5.277824
6.332278
8.615669
11.419314
15.009212
15.229321
15.020415
11.824495
10.130732
7.631467
5.577683
5.772385
4.805610
3.463943
2.073108
-0.622094
-2.281675
-3.233225
-3.885248
-5.000492
-5.965599
-5.829433
-6.862387
-6.860808
-5.583193
-5.270738
-4.262513
-3.756137
-3.598693
-2.605116
1.912875
4.039945
7.325537
11.155914
15.042329
16.520924
16.588556
16.126663
11.582095
10.063958
7.765978
6.988564
6.411313
4.905448
3.872527
2.029135
-0.901061
-2.393394
-2.908609
-3.795331
-5.226798
-5.146573
-5.478431
-6.478076
-5.358502
-4.298653
-4.223764
-2.859411
-3.209157
-2.343085
0.708441
3.664351
7.079310
11.540279
15.231239
15.768081
16.621885
15.992258
12.512035
12.743621
10.049415
7.939938
8.690475
6.803677
6.006393
4.029701



