
-0.885
3.754
10.01
14.801
20.111
25.879
33.813
39.307
40.314
39.917
34.088
27.954
23.651
20.905
17.242
11.963
7.324
6.378
9.735
15.045
21.545
26.642
28.595
30.731
31.799
31.219
28.473
26.276

24.628
23.834
26.184
30.518
33.386
36.011
40.07
46.57
52.917
48.126
40.07
32.898
28.534
25.848
24.261
20.721
21.698
24.506
29.48
29.541
25.085
21.606
18.738
16.052
7.751
-9.918
-26.733
-43.671

-55.389
-70.282
-85.632
-82.886
-73.486
-52.338
-18.799
23.315
67.688
66.193
59.814
53.925
50.079
45.99
42.328
39.948
39.642
41.565
45.319
48.492
50.995
53.711
54.26
52.826
49.744
44.342
37.994
33.112

30.487
26.154
27.405
32.806
42.572
52.979
62.927
67.78
71.686
66.376
55.237
46.875
41.626
38.605
35.095
33.264
36.194
42.48
51.117
58.777
61.371
59.814
53.467
48.37
43.884
40.161
36.652
32.867

32.135
34.576
38.116
41.473
47.394
56.091
62.592
69.672
73.425
63.751
54.871
47.18
42.389
39.52
37.781
36.743
39.673
45.319
52.124
59.998
70.709
77.393
77.545
77.698
79.865
79.59
78.217
72.906

65.979
62.408
62.042
62.927
66.315
72.357
76.965
78.918
76.935
73.73
70.679
65.491
61.066
54.016
46.631
44.159
47.485
52.704
57.983
62.134
65.369
67.474
70.251
73.303
76.477
78.674
81.024
78.827

75.348
72.876
72.571
73.792
75.409
77.881
80.414
81.97
82.031
77.148
68.359
61.493
57.343
55.054
53.131
53.284
55.695
57.617
58.99
60.486
61.798
61.066
59.814
56.427
53.619
50.629
48.035
46.478

46.173
47.821
51.392
54.688
57.739
61.31
64.911
65.979
67.719
70.77
71.899
68.207
61.798
55.786
51.544
47.76
45.776
46.021
48.676
52.521
55.42
55.847
53.467
52.429
52.002
51.849
52.979
56.305

60.089
61.371
63.141
65.277
66.101
67.993
71.35
74.86
76.752
79.01
79.926
76.202
63.446
53.223
47.668
46.814
47.394
49.591
52.795
55.908
57.831
57.556
55.847
54.474
50.873
48.096
44.342
41.504

40.985
43.152
45.105
45.227
43.549
41.931
42.45
43.396
43.64
44.006
43.091
41.931
38.513
35.583
33.051
31.769
33.569
37.17
39.795
40.588
38.849
38.818
38.116
35.706
32.837
30.212
28.198
26.917

27.924
30.09
33.936
37.17
38.422
37.262
33.752
31.128
31.189
32.928
35.675
35.187
33.661
30.426
29.846
31.83
34.363
36.987
41.321
45.074
43.915
41.473
37.079
30.457
24.2
17.67
14.008
13.885

16.632
20.264
24.689
23.987
23.01
20.203
17.517
16.235
18.036
23.407
28.412
24.719
19.775
14.709
11.322
11.292
14.13
19.257
24.231
31.097
36.53
37.018
31.311
24.933
20.508
17.731
17.212
16.541

14.069
14.923
16.266
19.775
22.522
23.621
24.78
27.344
29.083
33.295
33.752
31.769
28.992
27.588
28.046
31.311
35.217
36.926
36.469
34.546
32.837
31.738
29.694
25.757
23.499
22.369
19.867
17.578

16.998
17.212
17.487
16.815
15.35
13.458
11.902
13.458
16.327
19.165
20.63
18.494
14.038
9.674
7.385
7.904
9.064
11.017
14.313
20.416
27.924
33.752
32.745
28.87
24.292
20.203
15.808
12.634

12.268
12.939
14.099
13.184
11.017
10.101
5.646
2.411
2.35
3.296
4.333
2.35
-1.801
-6.073
-8.057
-6.866
-5.127
-2.319
2.319
4.059
2.96
1.953
-2.197
-6.989
-9.888
-10.162
-6.348
-3.265

-0.153
2.441
2.777
3.235
3.174
2.533
2.258
3.357
5.707
6.744
6.866
3.937
0.092
-2.472
-4.669
-3.418
-0.702
2.35
4.578
5.585
5.28
3.845
2.96
1.434
-0.031
-1.19
-1.617
-1.129

1.068
3.143
3.601
4.425
4.517
4.364
2.716
3.448
4.639
4.883
3.784
-0.275
-6.714
-11.536
-12.726
-12.146
-12.665
-15.198
-18.372
-20.782
-23.56
-22.43
-19.653
-19.287
-17.914
-16.876
-16.968
-16.449

-12.482
-6.5
-1.495
-0.58
-0.092
0.824
0.61
3.174
6.866
10.406
10.834
4.547
1.343
0.275
0.702
0.092
0
-0.61
-0.214
-1.709
-2.167
-1.526
0.061
1.892
4.364
3.601
2.075
3.113

5.798
7.141
9.033
11.505
11.597
12.726
11.871
10.712
10.559
8.484
6.897
5.005
3.448
3.967
6.897
10.559
15.228
19.836
19.379
16.937
13.611
5.768
-1.16
-7.507
-12.787
-14.13
-13.123
-13

-11.932
-9.888
-6.561
-1.678
1.617
2.136
-0.031
-1.74
-4.425
-9.705
-13.336
-14.221
-12.634
-9.247
-3.296
4.15
14.282
25.574
29.602
28.839
26.978
23.651
19.012
11.597
4.425
-1.77
-9.491
-13.885

-15.808
-15.167
-16.388
-20.844
-26.031
-29.266
-29.48
-29.114
-28.015
-30.121
-35.98
-41.26
-43.579
-44.037
-42.542
-38.91
-33.112
-31.921
-35.187
-38.635
-43.457
-50.934
-56.549
-60.974
-66.162
-70.984
-71.838
-66.162

-54.565
-39.246
-19.104
-9.003
-5.402
-4.608
-3.021
-3.143
-6.5
-12.848
-17.456
-23.254
-28.412
-29.053
-26.093
-20.081
-17.944
-17.242
-17.212
-18.066
-19.135
-22.247
-25.543
-27.863
-26.733
-23.712
-19.196
-14.526

-10.773
-5.707
-1.251
0.122
-0.336
0.061
-2.716
-3.296
-5.89
-9.521
-12.97
-14.984
-16.144
-14.221
-11.658
-10.986
-10.681
-9.46
-9.094
-9.949
-13.58
-16.907
-19.135
-19.257
-16.785
-13.519
-9.705
-5.524

0.854
5.646
5.585
1.251
-2.655
-4.883
-6.348
-8.514
-9.308
-12.268
-12.695
-12.421
-11.414
-9.918
-7.294
-5.127
-2.167
-3.784
-8.545
-14.648
-21.21
-26.489
-30.151
-33.264
-34.302
-32.379
-27.893
-20.782

-12.817
-5.371
-0.214
1.495
-1.831
-3.845
-7.599
-13.855
-21.851
-29.877
-34.851
-36.163
-33.478
-28.809
-22.034
-14.557
-15.411
-19.318
-22.827
-25.269
-27.588
-29.419
-30.64
-31.097
-29.358
-26.459
-21.637
-13.428

-4.456
4.944
9.125
6.805
1.709
-2.502
-6.866
-12.97
-20.325
-25.177
-26.52
-26.611
-24.445
-20.538
-14.923
-9.308
-3.693
0.763
1.77
4.517
7.568
8.82
11.414
15.564
17.517
20.264
26.428
30.029

33.691
29.663
19.714
11.658
6.683
3.052
2.869
0.854
-3.326
-7.111
-10.895
-12.604
-11.993
-10.345
-6.439
-1.953
0.397
-0.122
-0.122
3.571
5.951
7.965
8.759
9.003
9.399
9.583
10.742
13.916

18.616
22.034
26.276
22.705
17.365
12.97
8.606
5.31
2.991
1.404
1.678
2.96
6.531
9.674
13.947
15.9
15.656
13.733
12.36
11.902
11.414
9.491
8.118
8.636
8.423
9.705
14.282
18.494

20.721
23.834
22.583
17.181
9.979
4.639
1.19
-1.495
-4.639
-7.599
-8.057
-7.538
-5.31
0.977
10.559
13.031
12.543
11.261
11.108
11.108
9.308
9.094
9.766
12.451
15.137
21.271
29.419
39.734

49.5
56.061
51.239
41.748
30.975
22.369
15.564
10.376
7.446
6.439
9.094
11.993
14.984
19.47
25.452
28.473
26.672
25.238
24.109
22.736
22.4
21.149
20.508
20.966
22.156
24.536
28.778
33.844
