
-5.219
-2.686
-3.601
-4.059
-5.188
-9.735
-15.015
-18.372
-20.111
-20.813
-18.982
-14.801
-8.484
-1.129
4.211
7.294
7.629
5.737
3.357
0.488
-4.517
-9.644
-12.634
-11.902
-10.62
-9.521
-5.402
2.045

6.226
5.157
4.364
4.059
6.012
8.118
9.674
6.866
2.991
3.479
6.226
13.336
18.951
19.745
22.278
21.942
-1.923
-26.917
-51.331
-78.278
-99.274
-120.636
-134.125
-132.69
-121.155
-97.565
-62.622
-28.015

11.078
21.332
20.813
18.066
13.824
13.763
11.78
9.247
6.287
7.202
10.284
14.771
21.881
28.442
34.851
37.384
32.562
27.771
23.773
21.088
18.799
14.832
11.475
13.123
19.623
28.595
34.454
34.302

33.569
31.219
29.51
28.625
28.351
27.618
24.323
21.484
19.836
21.24
25.269
30.853
34.454
33.173
32.227
31.769
30.945
28.748
27.435
27.283
27.802
27.374
25.055
24.75
25.482
30.121
36.255
42.908

45.837
44.006
39.185
35.4
33.905
32.166
26.459
22.736
22.156
21.79
23.041
25.696
30.792
38.208
47.882
51.941
54.535
55.481
54.962
52.277
46.417
41.962
39.032
37.537
39.001
40.771
39.093
36.652

32.471
29.938
28.412
28.259
29.633
30.762
29.999
29.907
28.381
28.656
29.846
33.234
37.354
43.64
48.645
50.69
48.401
44.464
40.192
38.666
38.391
37.659
36.621
35.858
35.614
36.652
38.086
39.734

36.53
32.257
31.128
31.219
31.219
28.992
27.71
28.29
26.154
25.391
25.33
27.344
28.992
28.625
28.717
26.276
23.56
22.4
22.186
20.416
18.158
15.076
14.465
14.465
14.435
12.695
12.787
13.275

16.235
19.684
21.973
23.193
21.088
17.426
12.634
8.514
6.683
3.784
-0.946
-4.333
-7.263
-10.559
-12.512
-13.977
-14.313
-14.404
-15.228
-14.862
-15.137
-13.214
-11.23
-7.416
-3.448
-0.427
3.265
9.46

11.169
12.329
15.747
18.89
16.785
12.207
7.477
6.042
5.615
6.073
3.601
1.74
0.458
-0.793
-4.395
-5.92
-5.981
-4.791
-6.805
-10.071
-11.292
-10.132
-10.04
-9.399
-9.308
-9.888
-9.369
-8.881

-7.385
-6.866
-7.416
-9.552
-14.282
-16.876
-18.463
-16.541
-14.252
-13.123
-12.36
-11.993
-13.641
-15.472
-17.395
-20.05
-25.726
-30.334
-34.363
-36.407
-36.865
-34.943
-33.966
-31.372
-27.71
-23.193
-19.257
-17.365

-18.494
-18.738
-18.829
-24.963
-30.975
-33.875
-32.196
-27.069
-20.508
-14.709
-6.989
0.916
4.456
3.876
1.953
-2.869
-6.958
-11.444
-15.503
-19.531
-19.684
-19.104
-19.44
-18.127
-20.233
-23.499
-27.008
-28.595

-28.137
-26.489
-23.712
-28.29
-36.652
-44.128
-50.537
-53.833
-53.711
-49.927
-43.945
-40.802
-38.879
-35.187
-31.097
-27.71
-26.672
-27.618
-28.625
-29.846
-30.762
-28.9
-26.428
-21.759
-16.968
-15.961
-15.503
-15.656

-17.456
-22.949
-25.421
-31.982
-40.649
-50.568
-58.472
-60.364
-59.235
-56.244
-57.129
-57.556
-57.068
-55.908
-56.335
-57.251
-59.357
-62.103
-62.683
-59.937
-55.206
-51.483
-49.683
-46.722
-43.03
-41.656
-44.464
-44.189

-43.304
-45.258
-46.722
-48.37
-53.436
-59.418
-62.988
-64.117
-62.897
-61.554
-61.737
-60.516
-57.587
-53.986
-50.964
-50.293
-50.873
-51.453
-53.162
-53.986
-53.802
-51.27
-47.699
-43.945
-44.922
-45.959
-47.913
-50.323

-51.544
-54.169
-57.465
-62.775
-67.261
-70.099
-71.533
-69.946
-66.864
-63.507
-60.76
-62.073
-66.986
-72.54
-76.538
-79.681
-81.512
-82.794
-83.344
-81.97
-78.674
-74.493
-69
-64.575
-62.592
-61.951
-61.188
-60.852

-65.643
-73.517
-81.451
-87.982
-93.628
-97.717
-98.236
-94.696
-91.125
-87.646
-85.266
-85.022
-86.548
-88.196
-88.715
-89.233
-89.294
-87.891
-85.693
-81.116
-76.141
-69.855
-62.195
-55.389
-50.232
-46.234
-51.392
-56.061

-60.486
-65.43
-70.221
-73.822
-76.263
-78.278
-79.468
-77.576
-75.226
-71.747
-69.58
-68.97
-68.176
-66.62
-63.416
-61.859
-61.127
-58.38
-55.756
-54.657
-51.361
-45.258
-40.161
-40.466
-44.189
-51.239
-56.854
-61.218

-65.491
-69.031
-72.876
-77.271
-82.336
-83.618
-83.16
-81.36
-77.454
-72.571
-67.993
-64.911
-63.66
-62.469
-62.347
-64.087
-64.514
-67.2
-68.756
-68.176
-63.965
-58.014
-51.758
-48.126
-47.607
-53.406
-58.228
-61.34

-65.186
-69.336
-73.669
-79.041
-83.069
-84.534
-83.771
-80.902
-77.667
-73.029
-71.594
-70.892
-71.045
-69.977
-72.357
-74.921
-76.721
-77.087
-75.165
-73.334
-70.923
-68.115
-66.04
-65.826
-66.895
-67.657
-70.099
-77.637

-82.886
-88.379
-93.323
-96.649
-97.137
-95.825
-92.133
-86.945
-80.322
-73.669
-73.029
-74.432
-75.562
-76.05
-77.972
-80.2
-81.116
-89.386
-96.283
-99.396
-99.243
-97.076
-95.52
-97.443
-102.722
-107.483
-113.525
-119.629

-124.512
-127.045
-127.716
-127.136
-125.305
-120.239
-114.38
-108.49
-102.966
-97.809
-100.769
-103.18
-106.323
-111.938
-115.509
-119.08
-123.871
-126.831
-129.211
-128.235
-121.216
-109.314
-91.492
-68.207
-63.843
-65.399
-68.848
-72.571

-77.698
-83.923
-88.959
-93.201
-96.344
-95.612
-91.919
-84.869
-79.163
-76.813
-77.515
-79.041
-80.078
-81.421
-84.106
-85.175
-85.175
-84.198
-81.024
-75.317
-67.871
-60.638
-55.908
-54.962
-55.695
-59.052
-65.887
-71.198

-76.202
-80.597
-83.496
-84.473
-84.167
-82.367
-79.041
-75.775
-75.287
-76.263
-80.719
-85.846
-89.447
-91.736
-93.353
-96.161
-98.572
-96.924
-90.027
-84.9
-78.644
-71.167
-65.521
-61.829
-60.425
-61.34
-65.186
-69.275

-71.594
-72.693
-75.043
-75.592
-75.317
-75.287
-74.493
-71.899
-69.092
-65.704
-66.193
-67.505
-69.244
-69.733
-71.899
-73.517
-73.364
-72.723
-69.733
-65.552
-63.263
-59.906
-55.695
-54.352
-57.831
-60.333
-64.575
-70.953

-74.677
-76.233
-81.024
-82.336
-79.987
-75.958
-70.465
-61.523
-56.366
-59.021
-65.247
-69.397
-71.869
-75.226
-78.705
-80.048
-80.322
-78.705
-76.294
-71.106
-64.728
-61.249
-59.723
-62.561
-66.833
-70.587
-74.402
-78.888

-82.184
-87.158
-88.348
-87.158
-83.649
-78.064
-71.869
-64.484
-58.044
-52.368
-51.605
-50.385
-48.309
-48.34
-51.727
-54.291
-56.183
-56.519
-54.26
-49.683
-45.532
-43.854
-43.793
-49.561
-56.488
-62.744
-66.956
-69.458

-70.801
-71.899
-72.876
-71.716
-69.58
-67.963
-66.193
-65.094
-62.775
-63.293
-62.744
-60.333
-57.434
-55.817
-55.786
-56.152
-56.458
-58.258
-58.624
-56.061
-53.65
-50.476
-48.401
-46.204
-48.157
-54.016
-57.556
-59.113

-60.425
-64.545
-66.315
-65.887
-63.11
-60.425
-56.549
-52.826
-50.598
-50.568
-51.88
-55.023
-57.617
-60.486
-63.721
-64.148
-61.981
-57.861
-54.901
-51.392
-46.722
-40.924
-36.285
-32.44
-30.518
-30.457
-32.257
-34.912

-40.161
-44.678
-47.302
-49.103
-49.438
-46.295
-41.992
-37.201
-36.835
-36.591
-37.506
-39.642
-39.917
-38.544
-36.926
-33.844
-28.381
-23.804
-18.616
-11.139
-2.777
4.211
8.484
10.498
11.23
11.2
9.338
0.824

-8.606
-14.771
-19.531
-21.21
-21.301
-19.135
-15.045
-11.23
-11.932
-11.841
-12.024
-11.169
-11.292
-13.763
-17.731
-21.545
-23.315
-22.522
-20.538
-15.32
-8.881
-3.265
1.16
5.066
4.852
3.448
-1.556
-5.859
