
13.733
13.855
14.893
14.038
14.282
11.139
7.141
4.974
5.249
7.202
8.606
9.766
12.848
18.738
25.238
25.848
22.736
19.043
16.052
13.397
11.627
11.444
12.024
8.942
5.859
6.287
9.583
14.496

19.165
22.491
21.698
16.968
10.498
4.12
-1.221
-5.188
-8.118
-8.057
-6.073
-2.93
1.007
5.829
10.742
17.426
25.146
29.877
24.323
15.015
6.958
0.671
-4.974
-9.735
-10.834
-7.568
-1.648
3.448

7.66
9.308
6.805
4.822
4.15
3.723
4.547
5.768
6.409
7.111
8.392
14.496
24.414
36.835
47.058
51.086
50.812
48.676
41.199
34.698
29.236
25.177
21.606
20.111
20.813
23.254
26.337
28.839

30.426
31.036
29.755
29.053
30.365
27.527
24.292
23.346
22.43
21.973
26.733
36.743
50.232
64.545
75.714
70.679
59.875
47.516
37.262
28.351
21.21
17.639
14.252
14.374
18.463
26.611
33.173
37.933

36.957
30.67
27.496
27.039
29.663
27.71
24.597
23.468
23.529
25.116
27.832
30.701
36.682
46.6
55.603
59.357
50.568
41.87
34.668
28.961
25.177
23.743
22.614
21.088
22.125
25.36
30.975
37.842

44.922
49.316
50.14
50.323
49.5
46.936
43.427
41.046
37.598
34.332
32.715
34.424
39.368
46.753
53.192
59.998
62.103
58.96
50.323
43.732
38.544
31.342
25.97
25.696
28.107
32.623
38.269
44.434

47.424
48.615
48.248
48.096
46.722
46.967
46.57
47.729
49.805
51.178
54.962
58.899
63.965
68.481
70.19
71.167
62.622
53.223
45.715
40.405
36.255
34.027
34.058
35.98
38.544
40.222
42.847
45.868

45.654
45.532
45.044
43.304
42.358
43.518
43.396
43.03
42.938
45.166
50.415
53.619
55.176
56.671
58.411
60.944
58.38
51.605
45.41
39.246
33.051
26.581
21.912
20.966
23.834
27.527
30.304
32.318

32.135
32.043
32.41
33.6
32.104
29.968
27.954
27.588
30.029
34.424
39.703
43.182
46.234
51.239
55.359
51.88
42.725
34.943
28.778
23.102
16.571
12.054
8.423
3.937
1.801
1.801
5.035
8.636

10.406
10.315
9.766
11.353
13.123
13.031
12.421
13.428
17.029
21.088
24.414
25.757
27.069
29.541
32.44
34.424
34.454
31.067
26.55
22.217
15.137
9.918
7.721
8.179
9.003
11.383
13.275
13.214

11.139
7.751
5.554
5.005
5.157
6.012
7.111
9.186
11.536
13.641
13.824
14.984
16.785
18.188
16.022
14.771
11.2
5.341
-0.061
-6.012
-10.498
-13.153
-12.787
-9.216
-6.012
-0.58
5.096
7.538

6.195
4.12
2.716
-1.465
-5.249
-6.592
-5.676
-4.517
-3.326
-0.305
1.129
1.038
0.732
0.702
-0.397
-3.662
-7.721
-18.097
-29.297
-37.567
-42.877
-45.197
-44.586
-42.023
-37.903
-30.853
-24.933
-19.257

-12.451
-8.057
-7.904
-8.759
-9.491
-11.536
-12.939
-14.893
-13.428
-9.277
-3.662
2.258
2.472
-0.549
-5.127
-8.575
-13.184
-15.93
-17.883
-22.461
-26.276
-28.29
-26.917
-23.621
-20.172
-18.25
-18.158
-18.494

-18.921
-18.005
-16.937
-17.456
-17.822
-20.233
-21.606
-21.515
-19.928
-17.09
-15.106
-14.191
-15.808
-18.646
-20.538
-21.637
-22.98
-24.689
-26.733
-31.83
-37.537
-40.771
-40.894
-38.483
-35.706
-32.532
-29.205
-24.811

-20.66
-21.332
-27.527
-32.379
-35.065
-36.346
-35.065
-32.532
-28.992
-26.154
-22.858
-18.494
-15.869
-14.679
-14.282
-14.038
-14.069
-14.557
-21.454
-29.205
-34.058
-37.323
-38.818
-36.682
-32.196
-26.978
-23.499
-22.369

-23.01
-23.56
-23.468
-22.827
-21.332
-18.951
-15.808
-12.085
-8.606
-8.057
-9.888
-9.674
-8.881
-9.064
-7.965
-5.096
-3.448
-4.974
-13.702
-25.085
-33.02
-35.767
-33.936
-28.229
-22.461
-20.05
-19.318
-17.822

-15.076
-13.245
-12.451
-13.702
-16.296
-19.073
-20.599
-20.05
-18.28
-15.503
-12.573
-10.956
-8.82
-7.996
-12.97
-16.602
-18.494
-19.104
-18.219
-15.381
-13.397
-13.611
-12.695
-10.01
-6.775
-4.883
-4.852
-4.425

-4.791
-7.66
-11.444
-14.557
-18.28
-20.05
-20.355
-19.653
-16.785
-12.054
-10.437
-9.308
-7.141
-8.789
-9.064
-7.965
-4.395
-0.366
-0.214
-6.622
-13.062
-17.029
-16.602
-11.719
-5.981
-1.801
-2.441
-4.73

-6.165
-13.062
-21.027
-27.527
-30.914
-31.281
-28.839
-23.163
-16.968
-8.85
-3.143
-0.275
0.183
-2.563
-4.517
-5.371
-3.876
-3.479
-5.371
-11.414
-14.648
-15.137
-12.939
-10.437
-6.47
-1.77
2.136
0.58

-2.716
-8.789
-12.329
-13.245
-12.848
-11.383
-9.949
-9.155
-7.172
-9.155
-11.078
-11.871
-11.353
-10.01
-7.233
-5.798
-6.866
-8.636
-10.742
-12.451
-12.329
-10.223
-6.622
-3.54
-0.916
-2.655
-6.378
-8.057

-7.751
-7.538
-9.888
-13.977
-20.935
-30.304
-37.933
-41.321
-42.114
-43.457
-44.556
-43.854
-43.274
-44.861
-46.112
-48.676
-50.537
-52.185
-53.711
-54.962
-57.587
-61.371
-65.094
-67.139
-68.42
-69.733
-73.181
-77.057

-86.578
-95.764
-102.722
-109.344
-113.8
-114.655
-110.107
-99.396
-83.435
-62.622
-36.285
-16.937
-13.916
-16.449
-18.188
-18.097
-20.782
-25.116
-30.945
-36.499
-39.215
-40.68
-39.673
-35.278
-30.975
-26.917
-26.093
-26.611

-25.604
-24.689
-26.855
-27.863
-26.886
-25.33
-23.132
-20.752
-17.975
-15.167
-14.465
-15.045
-18.433
-19.531
-18.707
-17.487
-18.616
-22.675
-26.337
-29.327
-32.196
-32.318
-29.633
-26.337
-22.461
-20.477
-19.226
-17.212

-15.076
-16.266
-17.151
-18.25
-17.883
-15.839
-13.824
-11.871
-9.308
-9.064
-11.993
-16.266
-17.975
-17.181
-16.51
-16.205
-16.663
-20.233
-25.208
-30.701
-34.302
-34.729
-33.722
-35.675
-37.445
-40.131
-43.335
-42.755

-41.748
-41.199
-40.314
-40.1
-39.001
-36.774
-31.525
-24.963
-16.541
-8.972
-2.716
-1.373
-2.228
-1.007
0.916
-0.305
-1.984
-5.554
-8.514
-8.148
-6.531
-2.716
0.305
-5.707
-11.78
-16.998
-19.928
-19.592

-17.883
-13.763
-11.383
-8.85
-8.606
-8.392
-7.751
-5.829
-3.662
-1.77
-2.838
-3.571
-2.594
-3.632
-5.585
-8.148
-11.017
-12.054
-13.031
-11.841
-8.85
-3.967
1.282
7.324
9.735
2.258
-8.82
-17.822

-23.59
-29.327
-32.318
-31.769
-28.656
-27.191
-23.926
-17.395
-9.857
-2.869
-2.228
-5.463
-6.866
-5.127
0.336
1.19
-1.678
-3.571
-4.791
-4.089
-0.977
4.791
13.672
23.865
28.442
28.442
27.588
26.672

25.543
22.339
18.127
16.022
15.625
15.869
17.09
20.447
23.804
24.048
22.217
19.44
18.768
17.578
17.151
14.16
8.392
0.854
-3.235
-5.096
-3.784
0.275
5.859
8.423
7.69
8.942
12.726
17.029

18.219
17.609
18.25
19.073
20.599
24.139
27.405
29.877
32.166
32.684
28.32
25.909
23.407
18.524
15.015
8.911
0.824
-5.341
-8.636
-8.301
-4.486
0.519
3.143
1.221
0.366
-0.427
0.183
-2.106

-5.92
-6.744
-6.47
-2.869
3.113
8.942
15.167
23.102
32.44
39.215
37.964
30.762
24.536
20.05
16.479
12.665
8.179
6.378
6.866
7.996
10.529
13
16.205
16.357
15.35
15.076
12.878
8.362
